Loss: 0.0017827132251113653, Accuracy: 0.9995474219322205

Log: 9 ddr errors(s) detected and corrected on rank 9, symbol 9, bit 9
[  14    2  687    2  642    6   43    7    2  327    2  203    2  554
    2   61    2  795    2   14   10    2  801    2   14   10    2 1146
    2   14    0    0    0    0    0    0    0    0    0    0    0    0
    0    0    0    0    0    0    0    0    0    0    0    0    0    0
    0    0    0    0    0    0    0    0    0    0    0    0    0    0
    0    0    0    0    0    0    0    0    0    0    0    0    0    0
    0    0    0    0    0    0    0    0    0    0    0    0    0    0
    0    0    0    0    0    0    0    0    0    0    0    0    0    0
    0    0    0    0    0    0    0    0    0    0    0    0    0    0
    0    0    0    0    0    0    0    0    0    0    0    0    0    0
    0    0    0    0    0    0    0    0    0    0    0    0    0    0
    0    0    0    0]
Wörter: 9 , Vorhersage: variabel, Werte: [0.99217844], [0.9919574]
Wörter: ddr errors(s) detected and corrected on rank , Vorhersage: statisch, Werte: [1.0062361e-05], [1.1089664e-06], [0.00017346], [0.00145141], [0.00013633], [4.2599542e-05], [2.7322565e-06], [0.00010228], [2.116984e-05], [3.885478e-05], [1.7146363e-05], [0.00111108], [0.00085637], [0.00022188], [3.9755527e-05], [0.00038128], [9.348086e-05]
Wörter: 9, , Vorhersage: variabel, Werte: [0.9897912], [0.9855451], [0.96738774]
Wörter: symbol , Vorhersage: statisch, Werte: [0.00015963], [1.2448706e-05]
Wörter: 9, bit 9, Vorhersage: variabel, Werte: [0.98020524], [0.97340053], [0.83969235], [0.8426258], [0.92276484], [0.9989951]

Log: instruction cache parity error corrected
[ 957    2  972    2 1224    2  145    2  554    0    0    0    0    0
    0    0    0    0    0    0    0    0    0    0    0    0    0    0
    0    0    0    0    0    0    0    0    0    0    0    0    0    0
    0    0    0    0    0    0    0    0    0    0    0    0    0    0
    0    0    0    0    0    0    0    0    0    0    0    0    0    0
    0    0    0    0    0    0    0    0    0    0    0    0    0    0
    0    0    0    0    0    0    0    0    0    0    0    0    0    0
    0    0    0    0    0    0    0    0    0    0    0    0    0    0
    0    0    0    0    0    0    0    0    0    0    0    0    0    0
    0    0    0    0    0    0    0    0    0    0    0    0    0    0
    0    0    0    0    0    0    0    0    0    0    0    0    0    0
    0    0    0    0]
Wörter: instruction cache parity error corrected, Vorhersage: statisch, Werte: [0.01177655], [0.00220414], [0.00037609], [5.644424e-05], [0.00124035], [2.8582606e-05], [0.00094473], [1.398312e-05], [0.00026255]

Log: total of 99 ddr error(s) detected and corrected
[903   2 152   2  51   2 687   2 145   6  43   7   2 327   2 203   2 554
   0   0   0   0   0   0   0   0   0   0   0   0   0   0   0   0   0   0
   0   0   0   0   0   0   0   0   0   0   0   0   0   0   0   0   0   0
   0   0   0   0   0   0   0   0   0   0   0   0   0   0   0   0   0   0
   0   0   0   0   0   0   0   0   0   0   0   0   0   0   0   0   0   0
   0   0   0   0   0   0   0   0   0   0   0   0   0   0   0   0   0   0
   0   0   0   0   0   0   0   0   0   0   0   0   0   0   0   0   0   0
   0   0   0   0   0   0   0   0   0   0   0   0   0   0   0   0   0   0
   0   0   0   0   0   0   0   0   0   0   0   0   0   0]
Wörter: total of , Vorhersage: statisch, Werte: [0.00077728], [0.0003989], [0.00606155], [0.00254497]
Wörter: 99 , Vorhersage: variabel, Werte: [0.99998343], [0.9999765]
Wörter: ddr error(s) detected and corrected, Vorhersage: statisch, Werte: [7.656339e-05], [9.157813e-06], [0.01136194], [0.08389316], [0.01129275], [0.00329986], [0.00015979], [0.01209024], [0.00061954], [0.00189588], [0.00027235], [0.002155]

Log: 99.999.9.9:99999 Served block blk_-99999999999999999 to /99.999.9.9
[ 51  12  53  12  14  12  14  15  62   2 181   2  77   2  88  24  11 342
   2 100   2  13  51  12  53  12  14  12  14   0   0   0   0   0   0   0
   0   0   0   0   0   0   0   0   0   0   0   0   0   0   0   0   0   0
   0   0   0   0   0   0   0   0   0   0   0   0   0   0   0   0   0   0
   0   0   0   0   0   0   0   0   0   0   0   0   0   0   0   0   0   0
   0   0   0   0   0   0   0   0   0   0   0   0   0   0   0   0   0   0
   0   0   0   0   0   0   0   0   0   0   0   0   0   0   0   0   0   0
   0   0   0   0   0   0   0   0   0   0   0   0   0   0   0   0   0   0
   0   0   0   0   0   0   0   0   0   0   0   0   0   0]
Wörter: 99.999.9.9:99999 , Vorhersage: variabel, Werte: [1.], [1.], [1.], [1.], [1.], [0.99999785], [0.99999964], [0.9999883], [0.99999845], [0.9999893]
Wörter: served block , Vorhersage: statisch, Werte: [7.291256e-07], [2.4819995e-09], [9.941513e-10], [2.1317066e-09]
Wörter: blk_-99999999999999999 , Vorhersage: variabel, Werte: [0.99976057], [0.99999094], [0.99992955], [0.9993344], [0.99878484]
Wörter: to , Vorhersage: statisch, Werte: [6.7700814e-05], [5.735814e-06]
Wörter: /99.999.9.9, Vorhersage: variabel, Werte: [0.999587], [1.], [1.], [1.], [0.99999976], [0.9999999], [0.9999958], [0.999423]

Log: BLOCK* NameSystem.allocateBlock: /mnt/hadoop/mapred/system/job_999999999999_9999/job.jar. blk_9999999999999999999
[  77    8    2  199   12  525   15    2   13  482   13  484   13 2035
   13  136   13 1259   24  426   24   52   13 1259   12  878   12    2
   88   24  120    0    0    0    0    0    0    0    0    0    0    0
    0    0    0    0    0    0    0    0    0    0    0    0    0    0
    0    0    0    0    0    0    0    0    0    0    0    0    0    0
    0    0    0    0    0    0    0    0    0    0    0    0    0    0
    0    0    0    0    0    0    0    0    0    0    0    0    0    0
    0    0    0    0    0    0    0    0    0    0    0    0    0    0
    0    0    0    0    0    0    0    0    0    0    0    0    0    0
    0    0    0    0    0    0    0    0    0    0    0    0    0    0
    0    0    0    0    0    0    0    0    0    0    0    0    0    0
    0    0    0    0]
Wörter: block* namesystem.allocateblock: , Vorhersage: statisch, Werte: [8.648909e-05], [2.2943901e-08], [3.478864e-08], [8.717596e-09], [6.237155e-08], [5.131287e-08], [9.1388296e-07], [1.5191663e-05]
Wörter: /mnt/hadoop/mapred/system/job_999999999999_9999/job.jar. blk_9999999999999999999, Vorhersage: variabel, Werte: [0.9998524], [0.9999987], [0.9999994], [0.99999857], [0.9999993], [0.9999932], [0.999997], [0.9999939], [0.9999993], [0.99999523], [0.99999905], [1.], [1.], [1.], [1.], [1.], [0.99999774], [0.9999894], [0.9996076], [0.9999367], [1.], [1.], [1.]

Log: 99.999.99.999:99999 Starting thread to transfer block blk_-9999999999999999999 to 99.999.999.999:99999, 99.999.99.999:99999
[ 51  12  53  12  51  12  53  15  62   2 442   2 314   2 100   2 465   2
  77   2  88  24  11 120   2 100   2  51  12  53  12  53  12  53  15  62
  10   2  51  12  53  12  51  12  53  15  62   0   0   0   0   0   0   0
   0   0   0   0   0   0   0   0   0   0   0   0   0   0   0   0   0   0
   0   0   0   0   0   0   0   0   0   0   0   0   0   0   0   0   0   0
   0   0   0   0   0   0   0   0   0   0   0   0   0   0   0   0   0   0
   0   0   0   0   0   0   0   0   0   0   0   0   0   0   0   0   0   0
   0   0   0   0   0   0   0   0   0   0   0   0   0   0   0   0   0   0
   0   0   0   0   0   0   0   0   0   0   0   0   0   0]
Wörter: 99.999.99.999:99999 , Vorhersage: variabel, Werte: [1.], [1.], [1.], [1.], [1.], [1.], [1.], [0.99999845], [0.99999845], [0.99998057]
Wörter: starting thread to transfer block , Vorhersage: statisch, Werte: [5.1186188e-08], [3.2738015e-10], [2.1321599e-11], [2.925013e-12], [1.6884669e-11], [2.4326992e-12], [1.1365095e-12], [7.3313095e-13], [5.0818884e-11], [7.4327244e-10]
Wörter: blk_-9999999999999999999 , Vorhersage: variabel, Werte: [0.9999273], [0.99999845], [0.9999758], [0.999566], [0.9991423]
Wörter: to , Vorhersage: statisch, Werte: [5.9111175e-05], [1.0369245e-05]
Wörter: 99.999.999.999:99999, 99.999.99.999:99999, Vorhersage: variabel, Werte: [1.], [0.9999999], [1.], [0.99999976], [1.], [0.99999976], [1.], [0.9999999], [1.], [0.99999976], [0.9999995], [1.], [1.], [1.], [1.], [1.], [1.], [1.], [1.], [0.9999994]

Log: rs.sinajs.cn:99 open through proxy proxy.cse.cuhk.edu.hk:9999 HTTPS
[2375   12 1321   12  469   15   51    2  134    2  133    2   75    2
   75   12  102   12  103   12   99   12   68   15   52    2  141    0
    0    0    0    0    0    0    0    0    0    0    0    0    0    0
    0    0    0    0    0    0    0    0    0    0    0    0    0    0
    0    0    0    0    0    0    0    0    0    0    0    0    0    0
    0    0    0    0    0    0    0    0    0    0    0    0    0    0
    0    0    0    0    0    0    0    0    0    0    0    0    0    0
    0    0    0    0    0    0    0    0    0    0    0    0    0    0
    0    0    0    0    0    0    0    0    0    0    0    0    0    0
    0    0    0    0    0    0    0    0    0    0    0    0    0    0
    0    0    0    0    0    0    0    0    0    0    0    0    0    0
    0    0    0    0]
Wörter: rs.sinajs.cn:99 , Vorhersage: variabel, Werte: [0.9993012], [0.99946314], [0.9998456], [0.99983287], [0.999949], [0.9999548], [0.99999976], [0.9999969]
Wörter: open through proxy , Vorhersage: statisch, Werte: [1.977352e-06], [3.0584733e-08], [1.3511227e-11], [1.1031202e-11], [4.406357e-07], [2.5301294e-06]
Wörter: proxy.cse.cuhk.edu.hk:9999 , Vorhersage: variabel, Werte: [0.9999541], [0.99999833], [1.], [1.], [1.], [0.9999999], [0.99999976], [0.9999881], [0.9999994], [0.99998665], [0.99999845], [0.999997]
Wörter: https, Vorhersage: statisch, Werte: [6.3029953e-10]

Log: pic9.zhimg.com:999 close, 9999 bytes (9.99 KB) sent, 9999 bytes (9.99 KB) received, lifetime 99:99
[1314   14   12 1929   12   92   15   53    2  165   10    2   52    2
  112    2    6   14   12   51    2  114    7    2  164   10    2   52
    2  112    2    6   14   12   51    2  114    7    2  126   10    2
  167    2   51   15   51    0    0    0    0    0    0    0    0    0
    0    0    0    0    0    0    0    0    0    0    0    0    0    0
    0    0    0    0    0    0    0    0    0    0    0    0    0    0
    0    0    0    0    0    0    0    0    0    0    0    0    0    0
    0    0    0    0    0    0    0    0    0    0    0    0    0    0
    0    0    0    0    0    0    0    0    0    0    0    0    0    0
    0    0    0    0    0    0    0    0    0    0    0    0    0    0
    0    0    0    0    0    0    0    0    0    0    0    0    0    0
    0    0    0    0]
Wörter: pic9.zhimg.com:999 , Vorhersage: variabel, Werte: [0.99988616], [0.9999999], [0.9999999], [0.99999964], [0.9999989], [0.9999999], [0.99999917], [0.99999964], [0.9999976]
Wörter: close, , Vorhersage: statisch, Werte: [2.875538e-08], [3.7082565e-08], [2.127685e-07]
Wörter: 9999 , Vorhersage: variabel, Werte: [0.9999976], [0.9999982]
Wörter: bytes , Vorhersage: statisch, Werte: [8.505536e-10], [3.8213088e-08]
Wörter: (9.99 kb) , Vorhersage: variabel, Werte: [0.99995875], [1.], [1.], [1.], [1.], [0.9999994], [0.9999994], [0.99995446]
Wörter: sent, , Vorhersage: statisch, Werte: [2.3295746e-08], [2.452757e-08], [2.0220081e-07]
Wörter: 9999 , Vorhersage: variabel, Werte: [0.9999956], [0.9999981]
Wörter: bytes , Vorhersage: statisch, Werte: [4.146756e-09], [1.9489221e-07]
Wörter: (9.99 kb) , Vorhersage: variabel, Werte: [0.9999503], [1.], [1.], [1.], [1.], [0.9999995], [0.99999964], [0.9999708]
Wörter: received, lifetime , Vorhersage: statisch, Werte: [4.8659395e-08], [1.3668247e-08], [6.1862067e-09], [1.1576019e-08], [1.3145109e-06]
Wörter: 99:99, Vorhersage: variabel, Werte: [1.], [1.], [1.]

Log: ping9.teamviewer.com:999 (IPv9) error : Could not connect through proxy proxy.cse.cuhk.edu.hk:9999 - Proxy server cannot establish a connection with the target, status code 999
[1196   14   12 1330   12   92   15   53    2    6 2068   14    7    2
  145    2   15    2  396    2  204    2  373    2  133    2   75    2
   75   12  102   12  103   12   99   12   68   15   52    2   11    2
   75    2  217    2  566    2  254    2   25    2  173    2  261    2
  247    2  668   10    2  428    2  556    2   53    0    0    0    0
    0    0    0    0    0    0    0    0    0    0    0    0    0    0
    0    0    0    0    0    0    0    0    0    0    0    0    0    0
    0    0    0    0    0    0    0    0    0    0    0    0    0    0
    0    0    0    0    0    0    0    0    0    0    0    0    0    0
    0    0    0    0    0    0    0    0    0    0    0    0    0    0
    0    0    0    0    0    0    0    0    0    0    0    0    0    0
    0    0    0    0]
Wörter: ping9.teamviewer.com:999 (ipv9) , Vorhersage: variabel, Werte: [0.99996686], [1.], [1.], [0.9999999], [0.99999976], [0.9999999], [0.9999988], [0.99999964], [0.9999994], [0.9982414], [0.9993624], [0.9999863], [0.99954647], [0.9985977]
Wörter: error : could not connect through proxy , Vorhersage: statisch, Werte: [0.00064775], [0.00012115], [0.00150501], [0.00140345], [0.0002459], [6.560212e-05], [4.0101342e-05], [9.201102e-06], [7.502034e-09], [1.2482985e-10], [2.3729916e-14], [2.876352e-14], [1.0946871e-09], [1.0562364e-08]
Wörter: proxy.cse.cuhk.edu.hk:9999 , Vorhersage: variabel, Werte: [0.9995809], [0.9999958], [1.], [1.], [1.], [0.9999995], [0.9999988], [0.99992895], [0.9999951], [0.9995633], [0.99991584], [0.99985504]
Wörter: - proxy server cannot establish a connection with the target, status code , Vorhersage: statisch, Werte: [7.999466e-07], [7.464954e-08], [0.00010585], [2.0543472e-05], [2.110725e-09], [6.853588e-11], [2.3190232e-12], [1.1590793e-13], [6.616729e-14], [1.4819726e-14], [4.017581e-12], [6.780693e-12], [5.3983613e-09], [3.4028924e-09], [1.7557061e-09], [8.3042385e-11], [8.00587e-12], [4.2252473e-12], [1.4034837e-10], [1.5212552e-09], [3.993384e-09], [4.8938877e-05], [2.307824e-06], [9.197196e-05], [1.3260139e-05]
Wörter: 999, Vorhersage: variabel, Werte: [0.99902785]

Log: Component State Change: Component \999alt9\999 is in the unavailable state (HWID=9999)
[225   2 197   2 275  15   2 225   2  22  53 503  14  22  53   2 116   2
  60   2 247   2 278   2 197   2   6 345  18  52   7   0   0   0   0   0
   0   0   0   0   0   0   0   0   0   0   0   0   0   0   0   0   0   0
   0   0   0   0   0   0   0   0   0   0   0   0   0   0   0   0   0   0
   0   0   0   0   0   0   0   0   0   0   0   0   0   0   0   0   0   0
   0   0   0   0   0   0   0   0   0   0   0   0   0   0   0   0   0   0
   0   0   0   0   0   0   0   0   0   0   0   0   0   0   0   0   0   0
   0   0   0   0   0   0   0   0   0   0   0   0   0   0   0   0   0   0
   0   0   0   0   0   0   0   0   0   0   0   0   0   0]
Wörter: component state change: component , Vorhersage: statisch, Werte: [8.431946e-06], [1.5148535e-06], [2.6647065e-06], [2.237481e-06], [5.841411e-06], [6.240889e-06], [8.770107e-06], [1.0099951e-05], [1.680564e-05]
Wörter: \999alt9\999 , Vorhersage: variabel, Werte: [0.99996483], [1.], [0.99992454], [0.999933], [0.99999285], [0.99999976], [0.99998486]
Wörter: is in the unavailable state , Vorhersage: statisch, Werte: [6.821321e-08], [5.344676e-09], [1.4611642e-07], [5.7736402e-09], [1.023042e-09], [2.9550898e-10], [7.408443e-08], [1.3944901e-08], [1.3618875e-06], [5.0527306e-06]
Wörter: (hwid=9999), Vorhersage: variabel, Werte: [0.9994479], [0.9999999], [1.], [1.], [0.9999881]

Log: unix.hw state_change.unavailable 9999999999 9 Component State Change: Component \999alt9\999 is in the unavailable state (HWID=9999)
[418  12 253   2 197  24 275  12 278   2 174   2  14   2 225   2 197   2
 275  15   2 225   2  22  53 503  14  22  53   2 116   2  60   2 247   2
 278   2 197   2   6 345  18  52   7   0   0   0   0   0   0   0   0   0
   0   0   0   0   0   0   0   0   0   0   0   0   0   0   0   0   0   0
   0   0   0   0   0   0   0   0   0   0   0   0   0   0   0   0   0   0
   0   0   0   0   0   0   0   0   0   0   0   0   0   0   0   0   0   0
   0   0   0   0   0   0   0   0   0   0   0   0   0   0   0   0   0   0
   0   0   0   0   0   0   0   0   0   0   0   0   0   0   0   0   0   0
   0   0   0   0   0   0   0   0   0   0   0   0   0   0]
Wörter: unix.hw state_change.unavailable 9999999999 9 , Vorhersage: variabel, Werte: [0.9999926], [0.999959], [0.9998579], [0.9999672], [0.9999677], [0.9999989], [0.9999851], [0.9999894], [0.99996555], [0.9999894], [0.99999976], [0.99999964], [0.9999912], [0.9999716]
Wörter: component state change: component , Vorhersage: statisch, Werte: [1.211474e-06], [9.395817e-08], [4.605253e-07], [4.1128166e-07], [2.6147595e-06], [3.5931107e-06], [6.1714168e-06], [9.885117e-06], [1.7080349e-05]
Wörter: \999alt9\999 , Vorhersage: variabel, Werte: [0.9999684], [1.], [0.9999231], [0.99992836], [0.9999926], [0.99999976], [0.9999846]
Wörter: is in the unavailable state , Vorhersage: statisch, Werte: [6.42923e-08], [5.0233298e-09], [1.3951399e-07], [5.511516e-09], [9.894712e-10], [2.8806735e-10], [7.287273e-08], [1.3775209e-08], [1.3521956e-06], [5.027957e-06]
Wörter: (hwid=9999), Vorhersage: variabel, Werte: [0.9994474], [0.9999999], [1.], [1.], [0.9999881]

Log: node-999 node status 9999999999 9 configured out
[ 81  11  53   2  81   2 428   2 174   2  14   2 654   2 176   0   0   0
   0   0   0   0   0   0   0   0   0   0   0   0   0   0   0   0   0   0
   0   0   0   0   0   0   0   0   0   0   0   0   0   0   0   0   0   0
   0   0   0   0   0   0   0   0   0   0   0   0   0   0   0   0   0   0
   0   0   0   0   0   0   0   0   0   0   0   0   0   0   0   0   0   0
   0   0   0   0   0   0   0   0   0   0   0   0   0   0   0   0   0   0
   0   0   0   0   0   0   0   0   0   0   0   0   0   0   0   0   0   0
   0   0   0   0   0   0   0   0   0   0   0   0   0   0   0   0   0   0
   0   0   0   0   0   0   0   0   0   0   0   0   0   0]
Wörter: node-999 node status 9999999999 9 , Vorhersage: variabel, Werte: [0.9943105], [0.99712855], [0.9999479], [0.99994266], [0.99971145], [0.9999714], [0.999814], [0.9997243], [0.9999989], [0.99999857], [0.99990046], [0.9998198]
Wörter: configured out, Vorhersage: statisch, Werte: [7.490254e-07], [1.5198756e-08], [6.255159e-11]

Log: My election bind port: 9.9.9.9/9.9.9.9:9999
[1150    2  706    2 2747    2  997   15    2   14   12   14   12   14
   12   14   13   14   12   14   12   14   12   14   15   52    0    0
    0    0    0    0    0    0    0    0    0    0    0    0    0    0
    0    0    0    0    0    0    0    0    0    0    0    0    0    0
    0    0    0    0    0    0    0    0    0    0    0    0    0    0
    0    0    0    0    0    0    0    0    0    0    0    0    0    0
    0    0    0    0    0    0    0    0    0    0    0    0    0    0
    0    0    0    0    0    0    0    0    0    0    0    0    0    0
    0    0    0    0    0    0    0    0    0    0    0    0    0    0
    0    0    0    0    0    0    0    0    0    0    0    0    0    0
    0    0    0    0    0    0    0    0    0    0    0    0    0    0
    0    0    0    0]
Wörter: my election bind port: , Vorhersage: statisch, Werte: [0.00026463], [5.088629e-05], [1.2654615e-06], [1.2585696e-07], [1.7179456e-06], [1.05612806e-07], [7.408517e-06], [7.7555305e-06], [3.7114893e-05]
Wörter: 9.9.9.9/9.9.9.9:9999, Vorhersage: variabel, Werte: [0.9999987], [0.99999917], [0.9999999], [0.9999969], [0.99999964], [0.9999958], [0.99999976], [1.], [1.], [0.9999999], [1.], [0.9999995], [1.], [0.9999975], [0.99999976], [0.9999995], [0.9999989]

Log: Closed socket connection for client /99.99.99.99:99999 which had sessionid 9x99f9a99999b999e
[295   2 268   2 173   2 122   2 175   2  13  51  12  51  12  51  12  51
  15  62   2 309   2 243   2 190   2  14  48  51  30  14  25  62  26  53
  29   0   0   0   0   0   0   0   0   0   0   0   0   0   0   0   0   0
   0   0   0   0   0   0   0   0   0   0   0   0   0   0   0   0   0   0
   0   0   0   0   0   0   0   0   0   0   0   0   0   0   0   0   0   0
   0   0   0   0   0   0   0   0   0   0   0   0   0   0   0   0   0   0
   0   0   0   0   0   0   0   0   0   0   0   0   0   0   0   0   0   0
   0   0   0   0   0   0   0   0   0   0   0   0   0   0   0   0   0   0
   0   0   0   0   0   0   0   0   0   0   0   0   0   0]
Wörter: closed socket connection for client , Vorhersage: statisch, Werte: [8.183759e-08], [2.4698547e-08], [8.198554e-08], [1.2995698e-08], [2.7844987e-07], [4.9489625e-08], [1.9504933e-09], [2.83492e-10], [8.369701e-08], [3.3584644e-07]
Wörter: /99.99.99.99:99999 , Vorhersage: variabel, Werte: [0.99993896], [1.], [1.], [1.], [1.], [1.], [0.9999999], [1.], [0.9999989], [0.9999924], [0.99998164]
Wörter: which had sessionid , Vorhersage: statisch, Werte: [4.247993e-09], [1.5558277e-10], [1.9737892e-10], [6.985911e-11], [1.8387465e-06], [4.8398097e-06]
Wörter: 9x99f9a99999b999e, Vorhersage: variabel, Werte: [0.9999734], [1.], [1.], [1.], [1.], [0.9999989], [1.], [1.], [1.], [0.9999994]

Log: caught end of stream exception
[973   2 842   2 152   2 751   2 529   0   0   0   0   0   0   0   0   0
   0   0   0   0   0   0   0   0   0   0   0   0   0   0   0   0   0   0
   0   0   0   0   0   0   0   0   0   0   0   0   0   0   0   0   0   0
   0   0   0   0   0   0   0   0   0   0   0   0   0   0   0   0   0   0
   0   0   0   0   0   0   0   0   0   0   0   0   0   0   0   0   0   0
   0   0   0   0   0   0   0   0   0   0   0   0   0   0   0   0   0   0
   0   0   0   0   0   0   0   0   0   0   0   0   0   0   0   0   0   0
   0   0   0   0   0   0   0   0   0   0   0   0   0   0   0   0   0   0
   0   0   0   0   0   0   0   0   0   0   0   0   0   0]
Wörter: caught end of stream exception, Vorhersage: statisch, Werte: [0.00074793], [0.00017056], [1.3751888e-05], [4.1910718e-07], [6.2682675e-06], [6.013242e-08], [0.00028845], [5.956963e-07], [2.8859038e-06]
Model: "sequential"
┏━━━━━━━━━━━━━━━━━━━━━━━━━━━━━━━━━━━━━━┳━━━━━━━━━━━━━━━━━━━━━━━━━━━━━┳━━━━━━━━━━━━━━━━━┓
┃ Layer (type)                         ┃ Output Shape                ┃         Param # ┃
┡━━━━━━━━━━━━━━━━━━━━━━━━━━━━━━━━━━━━━━╇━━━━━━━━━━━━━━━━━━━━━━━━━━━━━╇━━━━━━━━━━━━━━━━━┩
│ embedding (Embedding)                │ (None, 158, 64)             │         189,248 │
├──────────────────────────────────────┼─────────────────────────────┼─────────────────┤
│ bidirectional (Bidirectional)        │ (None, 158, 256)            │         148,992 │
├──────────────────────────────────────┼─────────────────────────────┼─────────────────┤
│ time_distributed (TimeDistributed)   │ (None, 158, 128)            │          32,896 │
├──────────────────────────────────────┼─────────────────────────────┼─────────────────┤
│ dropout (Dropout)                    │ (None, 158, 128)            │               0 │
├──────────────────────────────────────┼─────────────────────────────┼─────────────────┤
│ time_distributed_1 (TimeDistributed) │ (None, 158, 1)              │             129 │
└──────────────────────────────────────┴─────────────────────────────┴─────────────────┘
 Total params: 1,113,797 (4.25 MB)
 Trainable params: 371,265 (1.42 MB)
 Non-trainable params: 0 (0.00 B)
 Optimizer params: 742,532 (2.83 MB)

Training auf folgende Datei: Datensätze/Vorbereitete Daten - Beispiel/bgl_v1/unique_data/content_list_bgl_unique.txt
Total Trainings-Loss: [0.05053962767124176, 0.005130436737090349, 0.0029939215164631605, 0.0019477582536637783, 0.0013251511845737696, 0.0010490885470062494, 0.0008817870984785259, 0.0006412030197679996, 0.0007296050898730755, 0.0006380599807016551]
Total Trainings-Accuracy: [0.983977735042572, 0.9985747337341309, 0.9991656541824341, 0.99941086769104, 0.9996014833450317, 0.9996705055236816, 0.9997210502624512, 0.9998145699501038, 0.9997552633285522, 0.9997884631156921]
Total Validierungs-Loss: [0.007362000178545713, 0.0034528763499110937, 0.002683771075680852, 0.002546857576817274, 0.001772361109033227, 0.0015615907032042742, 0.0014324531657621264, 0.0016321578295901418, 0.001656092586927116, 0.0017828282434493303]
Total Validierungs-Accuracy: [0.9978196620941162, 0.9990760087966919, 0.9992846250534058, 0.9992560744285583, 0.9995726943016052, 0.9996011853218079, 0.9996676445007324, 0.9996169805526733, 0.9996139407157898, 0.9995476007461548]
