Loss: 0.0004831706755794585, Accuracy: 0.9245893955230713

Log: 9 ddr errors(s) detected and corrected on rank 9, symbol 9, bit 9
[  17    2  517    2 1045    9   48   10    2  320    2  285    2  375
    2   87    2  645    2   17   13    2  637    2   17   13    2 1136
    2   17    0    0    0    0    0    0    0    0    0    0    0    0
    0    0    0    0    0    0    0    0    0    0    0    0    0    0
    0    0    0    0    0    0    0    0    0    0    0    0    0    0
    0    0    0    0    0    0    0    0    0    0    0    0    0    0
    0    0    0    0    0    0    0    0    0    0    0    0    0    0
    0    0    0    0    0    0    0    0    0    0    0    0    0    0
    0    0    0    0    0    0    0    0    0    0    0    0    0    0
    0    0    0    0    0    0    0    0    0    0    0    0    0    0
    0    0    0    0    0    0    0    0    0    0    0    0    0    0
    0    0    0    0    0    0    0    0    0    0    0    0    0    0
    0    0    0    0    0]
Wörter: 9 , Vorhersage: variabel, Werte: [0.9996307], [0.99956435]
Wörter: ddr errors(s) detected and corrected on rank , Vorhersage: statisch, Werte: [-0.99999976], [-1.], [-0.9999567], [-0.99990976], [-0.99997854], [-0.9999621], [-0.99999416], [-0.9999975], [-0.9999991], [-0.99999964], [-0.9999998], [-0.9999563], [-0.9999413], [-0.9999779], [-0.9999875], [-0.9976842], [-0.99890125]
Wörter: 9, , Vorhersage: variabel, Werte: [1.], [0.9999916], [0.99999726]
Wörter: symbol , Vorhersage: statisch, Werte: [-0.99969375], [-0.99967617]
Wörter: 9, bit 9, Vorhersage: variabel, Werte: [1.], [0.9999967], [0.99999934], [0.99987614], [0.9999959], [0.9991101]

Log: instruction cache parity error corrected
[ 541    2 1357    2 1025    2  233    2  375    0    0    0    0    0
    0    0    0    0    0    0    0    0    0    0    0    0    0    0
    0    0    0    0    0    0    0    0    0    0    0    0    0    0
    0    0    0    0    0    0    0    0    0    0    0    0    0    0
    0    0    0    0    0    0    0    0    0    0    0    0    0    0
    0    0    0    0    0    0    0    0    0    0    0    0    0    0
    0    0    0    0    0    0    0    0    0    0    0    0    0    0
    0    0    0    0    0    0    0    0    0    0    0    0    0    0
    0    0    0    0    0    0    0    0    0    0    0    0    0    0
    0    0    0    0    0    0    0    0    0    0    0    0    0    0
    0    0    0    0    0    0    0    0    0    0    0    0    0    0
    0    0    0    0    0    0    0    0    0    0    0    0    0    0
    0    0    0    0    0]
Wörter: instruction cache parity error corrected, Vorhersage: statisch, Werte: [-0.99999523], [-0.9999982], [-1.], [-1.], [-1.], [-1.], [-1.], [-1.], [-1.]

Log: total of 99 ddr error(s) detected and corrected
[774   2 134   2  57   2 517   2 233   9  48  10   2 320   2 285   2 375
   0   0   0   0   0   0   0   0   0   0   0   0   0   0   0   0   0   0
   0   0   0   0   0   0   0   0   0   0   0   0   0   0   0   0   0   0
   0   0   0   0   0   0   0   0   0   0   0   0   0   0   0   0   0   0
   0   0   0   0   0   0   0   0   0   0   0   0   0   0   0   0   0   0
   0   0   0   0   0   0   0   0   0   0   0   0   0   0   0   0   0   0
   0   0   0   0   0   0   0   0   0   0   0   0   0   0   0   0   0   0
   0   0   0   0   0   0   0   0   0   0   0   0   0   0   0   0   0   0
   0   0   0   0   0   0   0   0   0   0   0   0   0   0   0   0   0   0
   0   0   0   0   0   0   0   0   0   0   0]
Wörter: total of , Vorhersage: statisch, Werte: [-0.99917644], [-0.99987954], [-0.99585074], [-0.99896157]
Wörter: 99 , Vorhersage: variabel, Werte: [0.9999995], [0.9999946]
Wörter: ddr error(s) detected and corrected, Vorhersage: statisch, Werte: [-0.9997937], [-0.99995595], [-0.99632233], [-0.9969033], [-0.9992889], [-0.9984154], [-0.9997344], [-0.9999296], [-0.99998176], [-0.99999744], [-0.99999905], [-0.9987558]

Log: 99.999.9.9:99999 Served block blk_-99999999999999999 to /99.999.9.9
[ 57  15  61  15  17  15  17  18  67   2 260   2 132   2 143  28  14 338
   2  93   2  16  57  15  61  15  17  15  17   0   0   0   0   0   0   0
   0   0   0   0   0   0   0   0   0   0   0   0   0   0   0   0   0   0
   0   0   0   0   0   0   0   0   0   0   0   0   0   0   0   0   0   0
   0   0   0   0   0   0   0   0   0   0   0   0   0   0   0   0   0   0
   0   0   0   0   0   0   0   0   0   0   0   0   0   0   0   0   0   0
   0   0   0   0   0   0   0   0   0   0   0   0   0   0   0   0   0   0
   0   0   0   0   0   0   0   0   0   0   0   0   0   0   0   0   0   0
   0   0   0   0   0   0   0   0   0   0   0   0   0   0   0   0   0   0
   0   0   0   0   0   0   0   0   0   0   0]
Wörter: 99.999.9.9:99999 , Vorhersage: variabel, Werte: [1.], [1.], [1.], [1.], [1.], [1.], [1.], [1.], [1.], [1.]
Wörter: served block , Vorhersage: statisch, Werte: [-0.9999997], [-1.], [-1.], [-1.]
Wörter: blk_-99999999999999999 , Vorhersage: variabel, Werte: [0.9999974], [1.], [0.9999894], [0.9999965], [0.99999964]
Wörter: to , Vorhersage: statisch, Werte: [-0.9999834], [-0.99997395]
Wörter: /99.999.9.9, Vorhersage: variabel, Werte: [0.99983555], [1.], [1.], [1.], [1.], [1.], [1.], [0.99999547]

Log: BLOCK* NameSystem.allocateBlock: /mnt/hadoop/mapred/system/job_999999999999_9999/job.jar. blk_9999999999999999999
[ 132   11    2  304   15  544   18    2   16  778   16  782   16 1392
   16  219   16  667   28  535   28   58   16  667   15 1383   15    2
  143   28  212    0    0    0    0    0    0    0    0    0    0    0
    0    0    0    0    0    0    0    0    0    0    0    0    0    0
    0    0    0    0    0    0    0    0    0    0    0    0    0    0
    0    0    0    0    0    0    0    0    0    0    0    0    0    0
    0    0    0    0    0    0    0    0    0    0    0    0    0    0
    0    0    0    0    0    0    0    0    0    0    0    0    0    0
    0    0    0    0    0    0    0    0    0    0    0    0    0    0
    0    0    0    0    0    0    0    0    0    0    0    0    0    0
    0    0    0    0    0    0    0    0    0    0    0    0    0    0
    0    0    0    0    0    0    0    0    0    0    0    0    0    0
    0    0    0    0    0]
Wörter: block* namesystem.allocateblock: , Vorhersage: statisch, Werte: [-0.9999987], [-1.], [-1.], [-0.99996597], [-0.9999932], [-0.99998564], [-0.99998647], [-0.9999876]
Wörter: /mnt/hadoop/mapred/system/job_999999999999_9999/job.jar. blk_9999999999999999999, Vorhersage: variabel, Werte: [0.9999907], [0.9999996], [1.], [1.], [1.], [0.9999997], [1.], [1.], [1.], [0.9999978], [0.99999964], [1.], [1.], [1.], [1.], [1.], [0.9999994], [0.99998516], [0.99692893], [0.99943006], [0.9999997], [1.], [0.99999833]

Log: 99.999.99.999:99999 Starting thread to transfer block blk_-9999999999999999999 to 99.999.999.999:99999, 99.999.99.999:99999
[ 57  15  61  15  57  15  61  18  67   2 339   2 348   2  93   2 350   2
 132   2 143  28  14 212   2  93   2  57  15  61  15  61  15  61  18  67
  13   2  57  15  61  15  57  15  61  18  67   0   0   0   0   0   0   0
   0   0   0   0   0   0   0   0   0   0   0   0   0   0   0   0   0   0
   0   0   0   0   0   0   0   0   0   0   0   0   0   0   0   0   0   0
   0   0   0   0   0   0   0   0   0   0   0   0   0   0   0   0   0   0
   0   0   0   0   0   0   0   0   0   0   0   0   0   0   0   0   0   0
   0   0   0   0   0   0   0   0   0   0   0   0   0   0   0   0   0   0
   0   0   0   0   0   0   0   0   0   0   0   0   0   0   0   0   0   0
   0   0   0   0   0   0   0   0   0   0   0]
Wörter: 99.999.99.999:99999 , Vorhersage: variabel, Werte: [1.], [1.], [1.], [1.], [1.], [1.], [1.], [1.], [1.], [1.]
Wörter: starting thread to transfer block , Vorhersage: statisch, Werte: [-1.], [-1.], [-1.], [-1.], [-1.], [-1.], [-1.], [-1.], [-1.], [-1.]
Wörter: blk_-9999999999999999999 , Vorhersage: variabel, Werte: [0.9999984], [1.], [0.9999924], [0.99998885], [0.9999986]
Wörter: to , Vorhersage: statisch, Werte: [-0.9996814], [-0.9995334]
Wörter: 99.999.999.999:99999, 99.999.99.999:99999, Vorhersage: variabel, Werte: [1.], [1.], [1.], [1.], [1.], [1.], [1.], [1.], [1.], [0.9999996], [1.], [1.], [1.], [1.], [1.], [1.], [1.], [1.], [1.], [1.]

Log: rs.sinajs.cn:99 open through proxy proxy.cse.cuhk.edu.hk:9999 HTTPS
[2685   15 1771   15  601   18   57    2  288    2  282    2  200    2
  200   15  264   15  265   15  256   15  197   18   58    2  299    0
    0    0    0    0    0    0    0    0    0    0    0    0    0    0
    0    0    0    0    0    0    0    0    0    0    0    0    0    0
    0    0    0    0    0    0    0    0    0    0    0    0    0    0
    0    0    0    0    0    0    0    0    0    0    0    0    0    0
    0    0    0    0    0    0    0    0    0    0    0    0    0    0
    0    0    0    0    0    0    0    0    0    0    0    0    0    0
    0    0    0    0    0    0    0    0    0    0    0    0    0    0
    0    0    0    0    0    0    0    0    0    0    0    0    0    0
    0    0    0    0    0    0    0    0    0    0    0    0    0    0
    0    0    0    0    0    0    0    0    0    0    0    0    0    0
    0    0    0    0    0]
Wörter: rs.sinajs.cn:99 , Vorhersage: variabel, Werte: [0.9999513], [0.9999978], [1.], [1.], [0.9999997], [0.9999978], [1.], [1.]
Wörter: open through proxy , Vorhersage: statisch, Werte: [-0.99999666], [-0.9999992], [-1.], [-1.], [-0.99999], [-0.9999989]
Wörter: proxy.cse.cuhk.edu.hk:9999 , Vorhersage: variabel, Werte: [0.99999446], [1.], [1.], [1.], [1.], [1.], [1.], [1.], [1.], [0.9999785], [0.9999989], [0.99999774]
Wörter: https, Vorhersage: statisch, Werte: [-1.]

Log: pic9.zhimg.com:999 close, 9999 bytes (9.99 KB) sent, 9999 bytes (9.99 KB) received, lifetime 99:99
[1805   17   15 2522   15  192   18   61    2  248   13    2   58    2
  225    2    9   17   15   57    2  228   10    2  302   13    2   58
    2  225    2    9   17   15   57    2  228   10    2  229   13    2
  306    2   57   18   57    0    0    0    0    0    0    0    0    0
    0    0    0    0    0    0    0    0    0    0    0    0    0    0
    0    0    0    0    0    0    0    0    0    0    0    0    0    0
    0    0    0    0    0    0    0    0    0    0    0    0    0    0
    0    0    0    0    0    0    0    0    0    0    0    0    0    0
    0    0    0    0    0    0    0    0    0    0    0    0    0    0
    0    0    0    0    0    0    0    0    0    0    0    0    0    0
    0    0    0    0    0    0    0    0    0    0    0    0    0    0
    0    0    0    0    0    0    0    0    0    0    0    0    0    0
    0    0    0    0    0]
Wörter: pic9.zhimg.com:999 , Vorhersage: variabel, Werte: [1.], [1.], [1.], [1.], [1.], [1.], [1.], [1.], [1.]
Wörter: close, , Vorhersage: statisch, Werte: [-1.], [-1.], [-1.]
Wörter: 9999 , Vorhersage: variabel, Werte: [1.], [1.]
Wörter: bytes , Vorhersage: statisch, Werte: [-0.99998444], [-0.9999839]
Wörter: (9.99 kb) , Vorhersage: variabel, Werte: [1.], [1.], [1.], [1.], [1.], [0.9999974], [1.], [0.9999948]
Wörter: sent, , Vorhersage: statisch, Werte: [-0.9999973], [-0.9999958], [-0.99999803]
Wörter: 9999 , Vorhersage: variabel, Werte: [1.], [1.]
Wörter: bytes , Vorhersage: statisch, Werte: [-0.99997723], [-0.9999874]
Wörter: (9.99 kb) , Vorhersage: variabel, Werte: [1.], [1.], [1.], [1.], [1.], [1.], [1.], [0.99999946]
Wörter: received, lifetime , Vorhersage: statisch, Werte: [-1.], [-1.], [-1.], [-1.], [-0.9999998]
Wörter: 99:99, Vorhersage: variabel, Werte: [1.], [1.], [1.]

Log: ping9.teamviewer.com:999 (IPv9) error : Could not connect through proxy proxy.cse.cuhk.edu.hk:9999 - Proxy server cannot establish a connection with the target, status code 999
[1804   17   15 1700   15  192   18   61    2    9 2364   17   10    2
  233    2   18    2  533    2  110    2  312    2  282    2  200    2
  200   15  264   15  265   15  256   15  197   18   58    2   14    2
  200    2  524    2  807    2  406    2   30    2  347    2  386    2
  138    2  749   13    2  478    2  513    2   61    0    0    0    0
    0    0    0    0    0    0    0    0    0    0    0    0    0    0
    0    0    0    0    0    0    0    0    0    0    0    0    0    0
    0    0    0    0    0    0    0    0    0    0    0    0    0    0
    0    0    0    0    0    0    0    0    0    0    0    0    0    0
    0    0    0    0    0    0    0    0    0    0    0    0    0    0
    0    0    0    0    0    0    0    0    0    0    0    0    0    0
    0    0    0    0    0    0    0    0    0    0    0    0    0    0
    0    0    0    0    0]
Wörter: ping9.teamviewer.com:999 (ipv9) , Vorhersage: variabel, Werte: [1.], [1.], [1.], [1.], [1.], [1.], [1.], [1.], [1.], [0.9999906], [0.9999925], [1.], [0.9999995], [0.99999416]
Wörter: error : could not connect through proxy , Vorhersage: statisch, Werte: [-0.99997413], [-0.9999968], [-0.99997693], [-0.9999735], [-0.99997777], [-0.9999922], [-0.99999833], [-0.99999905], [-1.], [-1.], [-1.], [-1.], [-1.], [-1.]
Wörter: proxy.cse.cuhk.edu.hk:9999 , Vorhersage: variabel, Werte: [0.99999154], [1.], [1.], [1.], [1.], [1.], [1.], [1.], [1.], [0.9999995], [1.], [1.]
Wörter: - proxy server cannot establish a connection with the target, status code , Vorhersage: statisch, Werte: [-1.], [-1.], [-0.99999964], [-0.9999996], [-1.], [-1.], [-1.], [-1.], [-1.], [-1.], [-1.], [-1.], [-1.], [-1.], [-1.], [-1.], [-1.], [-1.], [-1.], [-1.], [-1.], [-0.99999577], [-0.9999937], [-0.99998146], [-0.9999055]
Wörter: 999, Vorhersage: variabel, Werte: [0.99986756]

Log: Component State Change: Component \999alt9\999 is in the unavailable state (HWID=9999)
[353   2 292   2 409  18   2 353   2  26  61 655  17  26  61   2 210   2
  66   2 138   2 411   2 292   2   9 466  21  58  10   0   0   0   0   0
   0   0   0   0   0   0   0   0   0   0   0   0   0   0   0   0   0   0
   0   0   0   0   0   0   0   0   0   0   0   0   0   0   0   0   0   0
   0   0   0   0   0   0   0   0   0   0   0   0   0   0   0   0   0   0
   0   0   0   0   0   0   0   0   0   0   0   0   0   0   0   0   0   0
   0   0   0   0   0   0   0   0   0   0   0   0   0   0   0   0   0   0
   0   0   0   0   0   0   0   0   0   0   0   0   0   0   0   0   0   0
   0   0   0   0   0   0   0   0   0   0   0   0   0   0   0   0   0   0
   0   0   0   0   0   0   0   0   0   0   0]
Wörter: component state change: component , Vorhersage: statisch, Werte: [-1.], [-1.], [-0.99999803], [-1.], [-0.9999997], [-1.], [-1.], [-0.999997], [-1.]
Wörter: \999alt9\999 , Vorhersage: variabel, Werte: [1.], [1.], [1.], [1.], [1.], [1.], [1.]
Wörter: is in the unavailable state , Vorhersage: statisch, Werte: [-1.], [-1.], [-1.], [-1.], [-1.], [-1.], [-0.9999772], [-0.99999905], [-0.9997725], [-0.9999564]
Wörter: (hwid=9999), Vorhersage: variabel, Werte: [0.9999446], [1.], [1.], [1.], [0.99992865]

Log: unix.hw state_change.unavailable 9999999999 9 Component State Change: Component \999alt9\999 is in the unavailable state (HWID=9999)
[546  15 545   2 292  28 409  15 411   2 311   2  17   2 353   2 292   2
 409  18   2 353   2  26  61 655  17  26  61   2 210   2  66   2 138   2
 411   2 292   2   9 466  21  58  10   0   0   0   0   0   0   0   0   0
   0   0   0   0   0   0   0   0   0   0   0   0   0   0   0   0   0   0
   0   0   0   0   0   0   0   0   0   0   0   0   0   0   0   0   0   0
   0   0   0   0   0   0   0   0   0   0   0   0   0   0   0   0   0   0
   0   0   0   0   0   0   0   0   0   0   0   0   0   0   0   0   0   0
   0   0   0   0   0   0   0   0   0   0   0   0   0   0   0   0   0   0
   0   0   0   0   0   0   0   0   0   0   0   0   0   0   0   0   0   0
   0   0   0   0   0   0   0   0   0   0   0]
Wörter: unix.hw state_change.unavailable 9999999999 9 , Vorhersage: variabel, Werte: [0.9999886], [0.9999777], [0.9999748], [0.9999908], [0.9999989], [1.], [1.], [1.], [1.], [1.], [0.9999989], [1.], [0.9999987], [0.9999996]
Wörter: component state change: component , Vorhersage: statisch, Werte: [-1.], [-1.], [-1.], [-1.], [-1.], [-1.], [-1.], [-0.9999984], [-1.]
Wörter: \999alt9\999 , Vorhersage: variabel, Werte: [1.], [1.], [1.], [1.], [1.], [1.], [1.]
Wörter: is in the unavailable state , Vorhersage: statisch, Werte: [-1.], [-1.], [-1.], [-1.], [-1.], [-1.], [-0.9999786], [-0.999999], [-0.99977916], [-0.9999576]
Wörter: (hwid=9999), Vorhersage: variabel, Werte: [0.99994326], [1.], [1.], [1.], [0.999928]

Log: node-999 node status 9999999999 9 configured out
[  72   14   61    2   72    2  478    2  311    2   17    2 1525    2
  286    0    0    0    0    0    0    0    0    0    0    0    0    0
    0    0    0    0    0    0    0    0    0    0    0    0    0    0
    0    0    0    0    0    0    0    0    0    0    0    0    0    0
    0    0    0    0    0    0    0    0    0    0    0    0    0    0
    0    0    0    0    0    0    0    0    0    0    0    0    0    0
    0    0    0    0    0    0    0    0    0    0    0    0    0    0
    0    0    0    0    0    0    0    0    0    0    0    0    0    0
    0    0    0    0    0    0    0    0    0    0    0    0    0    0
    0    0    0    0    0    0    0    0    0    0    0    0    0    0
    0    0    0    0    0    0    0    0    0    0    0    0    0    0
    0    0    0    0    0    0    0    0    0    0    0    0    0    0
    0    0    0    0    0]
Wörter: node-999 node status 9999999999 9 , Vorhersage: variabel, Werte: [0.99995494], [0.99988836], [1.], [0.99999946], [0.9998669], [0.99991095], [0.9999997], [0.9999976], [1.], [1.], [1.], [1.]
Wörter: configured out, Vorhersage: statisch, Werte: [-0.9999803], [-0.9999873], [-0.9994405]

Log: My election bind port: 9.9.9.9/9.9.9.9:9999
[1215    2 1370    2 4302    2  882   18    2   17   15   17   15   17
   15   17   16   17   15   17   15   17   15   17   18   58    0    0
    0    0    0    0    0    0    0    0    0    0    0    0    0    0
    0    0    0    0    0    0    0    0    0    0    0    0    0    0
    0    0    0    0    0    0    0    0    0    0    0    0    0    0
    0    0    0    0    0    0    0    0    0    0    0    0    0    0
    0    0    0    0    0    0    0    0    0    0    0    0    0    0
    0    0    0    0    0    0    0    0    0    0    0    0    0    0
    0    0    0    0    0    0    0    0    0    0    0    0    0    0
    0    0    0    0    0    0    0    0    0    0    0    0    0    0
    0    0    0    0    0    0    0    0    0    0    0    0    0    0
    0    0    0    0    0    0    0    0    0    0    0    0    0    0
    0    0    0    0    0]
Wörter: my election bind port: , Vorhersage: statisch, Werte: [-0.9997069], [-0.9998837], [-0.99999696], [-1.], [-0.99987984], [-0.9999958], [-0.99994683], [-0.9999839], [-0.9999366]
Wörter: 9.9.9.9/9.9.9.9:9999, Vorhersage: variabel, Werte: [1.], [1.], [1.], [1.], [1.], [1.], [1.], [1.], [1.], [1.], [1.], [1.], [1.], [1.], [1.], [1.], [1.]

Log: Closed socket connection for client /99.99.99.99:99999 which had sessionid 9x99f9a99999b999e
[428   2 429   2 347   2 130   2 291   2  16  57  15  57  15  57  15  57
  18  67   2 444   2 447   2 313   2  17  53  57  35  17  30  67  31  61
  34   0   0   0   0   0   0   0   0   0   0   0   0   0   0   0   0   0
   0   0   0   0   0   0   0   0   0   0   0   0   0   0   0   0   0   0
   0   0   0   0   0   0   0   0   0   0   0   0   0   0   0   0   0   0
   0   0   0   0   0   0   0   0   0   0   0   0   0   0   0   0   0   0
   0   0   0   0   0   0   0   0   0   0   0   0   0   0   0   0   0   0
   0   0   0   0   0   0   0   0   0   0   0   0   0   0   0   0   0   0
   0   0   0   0   0   0   0   0   0   0   0   0   0   0   0   0   0   0
   0   0   0   0   0   0   0   0   0   0   0]
Wörter: closed socket connection for client , Vorhersage: statisch, Werte: [-1.], [-1.], [-1.], [-1.], [-1.], [-1.], [-1.], [-1.], [-0.9999915], [-0.9999974]
Wörter: /99.99.99.99:99999 , Vorhersage: variabel, Werte: [1.], [1.], [1.], [1.], [1.], [1.], [1.], [1.], [1.], [1.], [1.]
Wörter: which had sessionid , Vorhersage: statisch, Werte: [-1.], [-1.], [-1.], [-1.], [-0.9999988], [-0.9999997]
Wörter: 9x99f9a99999b999e, Vorhersage: variabel, Werte: [1.], [1.], [1.], [1.], [1.], [1.], [1.], [1.], [1.], [1.]

Log: caught end of stream exception
[1271    2  834    2  134    2 1033    2  489    0    0    0    0    0
    0    0    0    0    0    0    0    0    0    0    0    0    0    0
    0    0    0    0    0    0    0    0    0    0    0    0    0    0
    0    0    0    0    0    0    0    0    0    0    0    0    0    0
    0    0    0    0    0    0    0    0    0    0    0    0    0    0
    0    0    0    0    0    0    0    0    0    0    0    0    0    0
    0    0    0    0    0    0    0    0    0    0    0    0    0    0
    0    0    0    0    0    0    0    0    0    0    0    0    0    0
    0    0    0    0    0    0    0    0    0    0    0    0    0    0
    0    0    0    0    0    0    0    0    0    0    0    0    0    0
    0    0    0    0    0    0    0    0    0    0    0    0    0    0
    0    0    0    0    0    0    0    0    0    0    0    0    0    0
    0    0    0    0    0]
Wörter: caught end of stream exception, Vorhersage: statisch, Werte: [-0.9998674], [-0.99999464], [-0.99971837], [-0.99998957], [-0.9861509], [-0.9998189], [-0.998439], [-0.9999575], [-0.99962646]
Model: "sequential"
┏━━━━━━━━━━━━━━━━━━━━━━━━━━━━━━━━━━━━━━┳━━━━━━━━━━━━━━━━━━━━━━━━━━━━━┳━━━━━━━━━━━━━━━━━┓
┃ Layer (type)                         ┃ Output Shape                ┃         Param # ┃
┡━━━━━━━━━━━━━━━━━━━━━━━━━━━━━━━━━━━━━━╇━━━━━━━━━━━━━━━━━━━━━━━━━━━━━╇━━━━━━━━━━━━━━━━━┩
│ embedding (Embedding)                │ (None, 173, 64)             │         300,800 │
├──────────────────────────────────────┼─────────────────────────────┼─────────────────┤
│ bidirectional (Bidirectional)        │ (None, 173, 256)            │         148,992 │
├──────────────────────────────────────┼─────────────────────────────┼─────────────────┤
│ time_distributed (TimeDistributed)   │ (None, 173, 128)            │          32,896 │
├──────────────────────────────────────┼─────────────────────────────┼─────────────────┤
│ dropout (Dropout)                    │ (None, 173, 128)            │               0 │
├──────────────────────────────────────┼─────────────────────────────┼─────────────────┤
│ time_distributed_1 (TimeDistributed) │ (None, 173, 1)              │             129 │
└──────────────────────────────────────┴─────────────────────────────┴─────────────────┘
 Total params: 1,448,453 (5.53 MB)
 Trainable params: 482,817 (1.84 MB)
 Non-trainable params: 0 (0.00 B)
 Optimizer params: 965,636 (3.68 MB)

Training auf folgende Datei: Datensätze/Vorbereitete Daten - Beispiel/bgl_v1/unique_data/content_list_bgl_unique.txt
Total Trainings-Loss: [0.012808368541300297, 0.001706600422039628, 0.0010776225244626403, 0.0007692893850617111, 0.0005746195092797279, 0.00043625544640235603, 0.0003606834798119962, 0.0003824449668172747, 0.00035453919554129243, 0.0002735246089287102]
Total Trainings-Accuracy: [0.9184141755104065, 0.9239729642868042, 0.9241494536399841, 0.9242457747459412, 0.924296498298645, 0.9243365526199341, 0.9243588447570801, 0.9243530035018921, 0.9243618845939636, 0.9243852496147156]
Total Validierungs-Loss: [0.002442736178636551, 0.0012628844706341624, 0.0009777930099517107, 0.0008514844812452793, 0.0007900904747657478, 0.000603276421315968, 0.000684546772390604, 0.0007125326665118337, 0.0005788950948044658, 0.0004831594997085631]
Total Validierungs-Accuracy: [0.9240080118179321, 0.9243149161338806, 0.9244943261146545, 0.9244553446769714, 0.9245095252990723, 0.924557089805603, 0.9245063066482544, 0.9245073199272156, 0.9245613813400269, 0.9245895147323608]
