Loss: 9.173464604828041e-06, Accuracy: 0.910714328289032

Log: 9 ddr errors(s) detected and corrected on rank 9, symbol 9, bit 9
[ 11   2  22 243   2 216  37   4  37   5   2 392 204 384   2 402   2 495
  80 384   2  47   2  36 229  29   2  11   7   2  37  43  31  20  33  30
   2  11   7   2  20  89   2  11   0   0   0   0   0   0   0   0   0   0
   0   0   0   0   0   0   0   0   0   0   0   0   0   0   0   0   0   0
   0   0   0   0   0   0   0   0   0   0   0   0   0   0   0   0   0   0
   0   0   0   0   0   0   0   0   0   0   0   0   0   0   0   0   0   0
   0   0   0   0]
Wörter: 9 ddr , Vorhersage: variabel, Werte: [0.99986196], [0.9991294], [0.99741656], [0.9605883], [0.62472326]
Wörter: errors(s) detected and corrected on rank , Vorhersage: statisch, Werte: [-0.9856971], [-0.97721714], [-0.9885677], [-0.9794842], [-0.9740622], [-0.9894259], [-0.83614004], [-0.87439966], [-0.8859578], [-0.9649037], [-0.98579156], [-0.99582654], [-0.9825822], [-0.97850525], [-0.96927446], [-0.98687714], [-0.9874491], [-0.9934834], [-0.96721965], [-0.85352105], [-0.40596515], [-0.04257796]
Wörter: 9, symbol 9, bit 9, Vorhersage: variabel, Werte: [0.9999813], [0.9999886], [0.9999369], [0.9854012], [0.9477618], [0.9062461], [0.9902104], [0.9678847], [0.9624553], [0.940916], [0.9999937], [0.9999931], [0.9999547], [0.99961746], [0.9957624], [0.9947507], [0.99999225]

Log: instruction cache parity error corrected
[ 53 212 114  81   2 190  97  23   2  34 200  89  43   2 216   2 495  80
 384   0   0   0   0   0   0   0   0   0   0   0   0   0   0   0   0   0
   0   0   0   0   0   0   0   0   0   0   0   0   0   0   0   0   0   0
   0   0   0   0   0   0   0   0   0   0   0   0   0   0   0   0   0   0
   0   0   0   0   0   0   0   0   0   0   0   0   0   0   0   0   0   0
   0   0   0   0   0   0   0   0   0   0   0   0   0   0   0   0   0   0
   0   0   0   0]
Wörter: instruction , Vorhersage: statisch, Werte: [-0.5665212], [-0.45736834], [-0.46212238], [-0.38447165], [-0.7504982]
Wörter: cache p, Vorhersage: variabel, Werte: [0.60378474], [0.19504286], [0.9826465], [0.9082974], [0.43178406]
Wörter: arity error corrected, Vorhersage: statisch, Werte: [-0.23017025], [-0.45039642], [-0.6177046], [-0.90944], [-0.99798894], [-0.9991491], [-0.97170156], [-0.8237995], [-0.16747116]

Log: total of 99 ddr error(s) detected and corrected
[175  38  19  30   2 100   2  45   2  22 243   2 216   4  37   5   2 392
 204 384   2 402   2 495  80 384   0   0   0   0   0   0   0   0   0   0
   0   0   0   0   0   0   0   0   0   0   0   0   0   0   0   0   0   0
   0   0   0   0   0   0   0   0   0   0   0   0   0   0   0   0   0   0
   0   0   0   0   0   0   0   0   0   0   0   0   0   0   0   0   0   0
   0   0   0   0   0   0   0   0   0   0   0   0   0   0   0   0   0   0
   0   0   0   0]
Wörter: tot, Vorhersage: statisch, Werte: [-0.9730807], [-0.93051994]
Wörter: al, Vorhersage: variabel, Werte: [0.19386627], [0.11920853]
Wörter:  , Vorhersage: statisch, Werte: [-0.272515]
Wörter: of 99 ddr , Vorhersage: variabel, Werte: [0.9277364], [0.76573104], [0.99996835], [0.9995483], [0.9980422], [0.96575516], [0.61606973]
Wörter: error(s) detected and corre, Vorhersage: statisch, Werte: [-0.9897239], [-0.9947766], [-0.99071854], [-0.9871286], [-0.99557394], [-0.91268224], [-0.91909033], [-0.91380644], [-0.96643394], [-0.98067594], [-0.9870227], [-0.8460249], [-0.4908274]
Wörter: cted, Vorhersage: variabel, Werte: [0.01878934]

Log: 99.999.9.9:99999 Served block blk_-99999999999999999 to /99.999.9.9
[ 45   9  68   9  11   9  11  12  52   2 455  40  48   2  20  30  69  29
   2  20  30  29  18   8 219 173   2 175   2  10  45   9  68   9  11   9
  11   0   0   0   0   0   0   0   0   0   0   0   0   0   0   0   0   0
   0   0   0   0   0   0   0   0   0   0   0   0   0   0   0   0   0   0
   0   0   0   0   0   0   0   0   0   0   0   0   0   0   0   0   0   0
   0   0   0   0   0   0   0   0   0   0   0   0   0   0   0   0   0   0
   0   0   0   0]
Wörter: 99.999.9.9:99999 served block blk_-99999999999999999 , Vorhersage: variabel, Werte: [0.9999571], [0.99992186], [0.9999938], [0.9999874], [1.], [0.9999982], [1.], [0.9999094], [0.9999984], [0.9999547], [0.97464323], [0.88189656], [0.9977383], [0.99606705], [0.9974591], [0.9826284], [0.9390078], [0.8888], [0.6661166], [0.98839945], [0.96593785], [0.9420965], [0.98206526], [0.9943277], [0.99736977], [0.9993811], [0.99694073]
Wörter: to , Vorhersage: statisch, Werte: [-0.9137997], [-0.74664885]
Wörter: /99.999.9.9, Vorhersage: variabel, Werte: [0.9997264], [0.99999964], [0.99999684], [0.9999989], [0.99999446], [1.], [0.99999785], [1.]

Log: BLOCK* NameSystem.allocateBlock: /mnt/hadoop/mapred/system/job_999999999999_9999/job.jar. blk_9999999999999999999
[ 20  30  69  29   6   2  32 291  49  43  37 204  31   9  19 375  69 316
  20  30  69  29  12   2  10  31 510  10 138 193  34  10 418 101  48  10
  37  43  37 204  31  10  28  33  20  18 412  18  46  10  28  33  20   9
 333   9   2  20  30  29  18 219 265   0   0   0   0   0   0   0   0   0
   0   0   0   0   0   0   0   0   0   0   0   0   0   0   0   0   0   0
   0   0   0   0   0   0   0   0   0   0   0   0   0   0   0   0   0   0
   0   0   0   0]
Wörter: block*, Vorhersage: variabel, Werte: [0.9469265], [0.8946007], [0.80841994], [0.6728866], [0.5721223]
Wörter:  , Vorhersage: statisch, Werte: [-0.01965657]
Wörter: namesystem.allocateblock, Vorhersage: variabel, Werte: [0.8306977], [0.7491429], [0.72803605], [0.8169815], [0.8208451], [0.8466011], [0.88828033], [0.9819636], [0.9933721], [0.97598076], [0.92690593], [0.854066], [0.9859706], [0.9535348], [0.8727051], [0.6954233]
Wörter: : , Vorhersage: statisch, Werte: [-0.54971695], [-0.7274368]
Wörter: /mnt/hadoop/mapred/system/job_999999999999_9999/job.jar. blk_9999999999999999999, Vorhersage: variabel, Werte: [0.9982557], [0.98659605], [0.9706292], [0.9996638], [0.71409047], [0.79935455], [0.83185816], [0.9992398], [0.9961009], [0.991513], [0.99974453], [0.9999883], [0.9992406], [0.9916883], [0.9621984], [0.9299441], [0.9323394], [0.999606], [0.99845153], [0.9937379], [0.9989828], [0.9987211], [0.99779344], [0.99869287], [0.99991256], [0.9999949], [0.9998222], [0.99671966], [0.99907637], [0.998803], [0.99436885], [0.99631697], [0.9751111], [0.995682], [0.98244375], [0.96510506], [0.98842186], [0.99556094], [0.94867176]

Log: 99.999.99.999:99999 Starting thread to transfer block blk_-9999999999999999999 to 99.999.999.999:99999, 99.999.99.999:99999
[ 45   9  68   9  45   9  68  12  52   2 383   2 171   2 175   2  38  36
 229  37  24  57   2  20  30  69  29   2  20  30  29  18   8 219 265   2
 175   2  45   9  68   9  68   9  68  12  52   7   2  45   9  68   9  45
   9  68  12  52   0   0   0   0   0   0   0   0   0   0   0   0   0   0
   0   0   0   0   0   0   0   0   0   0   0   0   0   0   0   0   0   0
   0   0   0   0   0   0   0   0   0   0   0   0   0   0   0   0   0   0
   0   0   0   0]
Wörter: 99.999.99.999:99999 , Vorhersage: variabel, Werte: [0.9999604], [0.99992675], [0.9999936], [0.99998486], [1.], [0.99998873], [0.99998575], [0.99739265], [0.99997956], [0.9995695]
Wörter: starting thread to trans, Vorhersage: statisch, Werte: [-0.6373687], [-0.99180704], [-0.9996938], [-0.9998807], [-0.9999147], [-0.99985033], [-0.99450874], [-0.9605875], [-0.69535077], [-0.01180741]
Wörter: fer block blk_-9999999999999999999 , Vorhersage: variabel, Werte: [0.9906131], [0.9772118], [0.9552389], [0.9929257], [0.96648425], [0.91102266], [0.856686], [0.6025888], [0.9878745], [0.9650189], [0.94011384], [0.9807267], [0.99334776], [0.9963304], [0.97539467], [0.7959954]
Wörter: to , Vorhersage: statisch, Werte: [-0.9828894], [-0.8919616]
Wörter: 99.999.999.999:99999, 99.999.99.999:99999, Vorhersage: variabel, Werte: [0.9999289], [0.9998981], [0.9999934], [0.9999839], [0.99999595], [0.9999805], [0.9999937], [0.9995927], [0.9999988], [0.9999989], [0.99999374], [1.], [0.99999636], [0.9999986], [0.99999386], [1.], [0.999996], [0.9999961], [0.9993292], [0.99999183]

Log: rs.sinajs.cn:99 open through proxy proxy.cse.cuhk.edu.hk:9999 HTTPS
[ 36  37   9  37  53  19  28  37   9  21  32  12  45   2 227   2 169  36
  33 335   2 101  33  42  43   2 101  33  42  43   9  21 453   9  21  39
  26  29   9  48  39   9  26  29  12  46   2  26  38  38  34  37   0   0
   0   0   0   0   0   0   0   0   0   0   0   0   0   0   0   0   0   0
   0   0   0   0   0   0   0   0   0   0   0   0   0   0   0   0   0   0
   0   0   0   0   0   0   0   0   0   0   0   0   0   0   0   0   0   0
   0   0   0   0]
Wörter: rs.sinajs.cn:99 , Vorhersage: variabel, Werte: [0.2529356], [0.5663261], [0.9464352], [0.87535775], [0.8365445], [0.98476523], [0.98252404], [0.9721517], [0.99310917], [0.9977153], [0.99568385], [0.95042306], [0.9999316], [0.9984412]
Wörter: open through pr, Vorhersage: statisch, Werte: [-0.5352396], [-0.9420155], [-0.9382282], [-0.8999325], [-0.7771912], [-0.50187755], [-0.683379], [-0.28052393]
Wörter: oxy proxy.cse.cuhk.edu.hk, Vorhersage: variabel, Werte: [0.10904461], [0.9973008], [0.9837625], [0.95629334], [0.8931347], [0.9183148], [0.9994004], [0.99634194], [0.99864715], [0.99936837], [0.99486595], [0.9977509], [0.9988072], [0.98852646], [0.957772], [0.9448589], [0.991002], [0.99935013], [0.9938669], [0.99601126], [0.9400354], [0.8453247]
Wörter: :, Vorhersage: statisch, Werte: [-0.23501882]
Wörter: 9999 https, Vorhersage: variabel, Werte: [0.98817986], [0.9227625], [0.49459645], [0.14798018], [0.11900385], [0.38454401], [0.19665565]

Log: pic9.zhimg.com:999 close, 9999 bytes (9.99 KB) sent, 9999 bytes (9.99 KB) received, lifetime 99:99
[ 34  27  21  11   9  44  26  27  31  25   9 441  12  68   2 465   7   2
  46   2 350  38  49   2   4  11   9  45   2  29  20   5   2  37  67   7
   2  46   2 350  38  49   2   4  11   9  45   2  29  20   5   2 166   7
   2  60 500  74   2  45  12  45   0   0   0   0   0   0   0   0   0   0
   0   0   0   0   0   0   0   0   0   0   0   0   0   0   0   0   0   0
   0   0   0   0   0   0   0   0   0   0   0   0   0   0   0   0   0   0
   0   0   0   0]
Wörter: pic9.zhimg.com, Vorhersage: variabel, Werte: [0.6363996], [0.83878845], [0.99542516], [0.99999714], [0.9999594], [0.9964153], [0.95623964], [0.8815632], [0.82705414], [0.79477435], [0.95483273], [0.8149235]
Wörter: :, Vorhersage: statisch, Werte: [-0.12703359]
Wörter: 999 , Vorhersage: variabel, Werte: [0.99427575], [0.9777139]
Wörter: close, Vorhersage: statisch, Werte: [-0.43909052]
Wörter: , 9999 bytes, Vorhersage: variabel, Werte: [0.9937038], [0.9894017], [0.99916285], [0.99470365], [0.8541141], [0.2555658], [0.15475759]
Wörter:  (, Vorhersage: statisch, Werte: [-0.08668654], [-0.30609715]
Wörter: 9.99 kb) sent, 9999 bytes, Vorhersage: variabel, Werte: [0.99995816], [0.9999192], [0.99999934], [0.99995536], [0.97926515], [0.99468523], [0.9613535], [0.7838352], [0.18235254], [0.32927495], [0.9959071], [0.99582064], [0.99936324], [0.9957892], [0.8608381], [0.2511739], [0.13653557]
Wörter:  (, Vorhersage: statisch, Werte: [-0.11313765], [-0.34022155]
Wörter: 9.99 kb) , Vorhersage: variabel, Werte: [0.99995583], [0.9999131], [0.9999993], [0.9999494], [0.97341377], [0.9928107], [0.93090093], [0.39969665]
Wörter: received, Vorhersage: statisch, Werte: [-0.98922]
Wörter: , life, Vorhersage: variabel, Werte: [0.9566989], [0.7983058], [0.1374015], [0.04546898]
Wörter: time , Vorhersage: statisch, Werte: [-0.7301056], [-0.28447604]
Wörter: 99:99, Vorhersage: variabel, Werte: [0.9999429], [0.99740994], [0.9999901]

Log: ping9.teamviewer.com:999 (IPv9) error : Could not connect through proxy proxy.cse.cuhk.edu.hk:9999 - Proxy server cannot establish a connection with the target, status code 999
[512  11   9 204 291  40  27 269  57   9 441  12  68   2   4  27  34  40
  11   5   2 216   2  12   2 494  39  30  22   2 452   2  84  64 371   2
 169  36  33 335   2 101  33  42  43   2 101  33  42  43   9  21 453   9
  21  39  26  29   9  48  39   9  26  29  12  46   2   8   2 101  33  42
  43   2 226   2 253   2 110   2  19   2  87   2 133   2 539   2  38 200
 148  38   7   2 212  82 213   2 303   2  68   0   0   0   0   0   0   0
   0   0   0   0]
Wörter: ping9.teamviewer.com:999 , Vorhersage: variabel, Werte: [0.86865073], [0.999966], [0.9998135], [0.9946946], [0.971204], [0.8852573], [0.794974], [0.75362307], [0.82698643], [0.9643396], [0.87077457], [0.14784957], [0.99534637], [0.9861703]
Wörter: (i, Vorhersage: statisch, Werte: [-0.1770558], [-0.06698941]
Wörter: pv9) , Vorhersage: variabel, Werte: [0.16743033], [0.23800018], [0.9998864], [0.99376136], [0.87864906]
Wörter: error : coul, Vorhersage: statisch, Werte: [-0.99727017], [-0.9996135], [-0.9993457], [-0.99964416], [-0.99109757], [-0.97881275], [-0.90173906]
Wörter: d, Vorhersage: variabel, Werte: [0.75659734]
Wörter:  not connect through pr, Vorhersage: statisch, Werte: [-0.07317019], [-0.89202213], [-0.9745447], [-0.9453857], [-0.92039144], [-0.8001962], [-0.89402115], [-0.83255696], [-0.80122924], [-0.677242], [-0.44238046], [-0.6833794], [-0.31598675]
Wörter: oxy proxy.cse.cuhk.edu.hk, Vorhersage: variabel, Werte: [0.06168001], [0.99716467], [0.9831803], [0.95454615], [0.8919467], [0.9179246], [0.9993986], [0.99633735], [0.998647], [0.99936897], [0.9948758], [0.99775845], [0.9988134], [0.98861134], [0.9582068], [0.94558257], [0.9911518], [0.9993619], [0.99396294], [0.99603623], [0.93962264], [0.83886796]
Wörter: :, Vorhersage: statisch, Werte: [-0.33610097]
Wörter: 9999 - pr, Vorhersage: variabel, Werte: [0.986627], [0.8748638], [0.9820267], [0.7440469], [0.21813236]
Wörter: o, Vorhersage: statisch, Werte: [-0.10712504]
Wörter: xy, Vorhersage: variabel, Werte: [0.9953967], [0.87491226]
Wörter:  server cannot establish a connection with the target, Vorhersage: statisch, Werte: [-0.39361295], [-0.99840856], [-0.99969935], [-0.99990946], [-0.9999641], [-0.9998876], [-0.99994695], [-0.9923949], [-0.998193], [-0.99986285], [-0.9999365], [-0.99999464], [-0.9999947], [-0.99983895], [-0.9997777], [-0.99215215], [-0.95051813], [-0.8705271], [-0.7404807]
Wörter: , st, Vorhersage: variabel, Werte: [0.9836598], [0.96327585], [0.38199288]
Wörter: atus code , Vorhersage: statisch, Werte: [-0.99643797], [-0.99663806], [-0.9990813], [-0.9847251], [-0.9752015]
Wörter: 999, Vorhersage: variabel, Werte: [0.96969426]

Log: Component State Change: Component \999alt9\999 is in the unavailable state (HWID=9999)
[477  47  67   2 212 316   2 249 148  12   2 477  47  67   2  68  19  30
  38  11  68   2 504   2  53   2 539   2  39  32 147  19 446  98  95   2
 212 316   2   4  26  41  65  15  46   5   0   0   0   0   0   0   0   0
   0   0   0   0   0   0   0   0   0   0   0   0   0   0   0   0   0   0
   0   0   0   0   0   0   0   0   0   0   0   0   0   0   0   0   0   0
   0   0   0   0   0   0   0   0   0   0   0   0   0   0   0   0   0   0
   0   0   0   0]
Wörter: component state change: component , Vorhersage: statisch, Werte: [-0.7102042], [-0.8876481], [-0.84073883], [-0.95802456], [-0.9383871], [-0.9544541], [-0.9754122], [-0.9286749], [-0.94912773], [-0.9838006], [-0.99039555], [-0.9397089], [-0.9177569], [-0.36105958], [-0.18497895]
Wörter: 999alt9999 , Vorhersage: variabel, Werte: [0.99823827], [0.9991841], [0.99631], [0.9876017], [0.9999937], [0.99998933], [0.99970645]
Wörter: is in the u, Vorhersage: statisch, Werte: [-0.5252804], [-0.98033786], [-0.99409264], [-0.9980736], [-0.98609644], [-0.9787036], [-0.82096636]
Wörter: navailable, Vorhersage: variabel, Werte: [0.6266105], [0.815873], [0.98099035], [0.92791104], [0.9466038], [0.77351826]
Wörter:  state (hwid, Vorhersage: statisch, Werte: [-0.20827806], [-0.72427076], [-0.89065284], [-0.9450935], [-0.978409], [-0.9452507], [-0.78859854], [-0.88458794]
Wörter: =9999), Vorhersage: variabel, Werte: [0.33959967], [0.9877333], [0.86961025]

Log: unix.hw state_change.unavailable 9999999999 9 Component State Change: Component \999alt9\999 is in the unavailable state (HWID=9999)
[ 39  32  27  42   9  26  41   2 212 316  18 249 148   9  39  32 147  19
 446  98  95   2 245   2  11   2 477  47  67   2 212 316   2 249 148  12
   2 477  47  67   2  68  19  30  38  11  68   2 504   2  53   2 539   2
  39  32 147  19 446  98  95   2 212 316   2   4  26  41  65  15  46   5
   0   0   0   0   0   0   0   0   0   0   0   0   0   0   0   0   0   0
   0   0   0   0   0   0   0   0   0   0   0   0   0   0   0   0   0   0
   0   0   0   0]
Wörter: unix.hw state_change.unavailable, Vorhersage: variabel, Werte: [0.29534122], [0.8528899], [0.86483884], [0.99876696], [0.99731225], [0.9553727], [0.857304], [0.27860695], [0.2889319], [0.26326007], [0.9292632], [0.92215776], [0.90167993], [0.9814124], [0.91436285], [0.9539681], [0.921032], [0.9850839], [0.92382544], [0.9378839], [0.7043126]
Wörter:  , Vorhersage: statisch, Werte: [-0.28137395]
Wörter: 9999999999, Vorhersage: variabel, Werte: [0.20284536]
Wörter:  , Vorhersage: statisch, Werte: [-0.4995845]
Wörter: 9 compon, Vorhersage: variabel, Werte: [0.99997056], [0.99954045], [0.93608415], [0.19448909]
Wörter: ent state change: component , Vorhersage: statisch, Werte: [-0.16048674], [-0.79731274], [-0.85843503], [-0.9194516], [-0.95678025], [-0.90645224], [-0.9389283], [-0.9821553], [-0.98929924], [-0.93670976], [-0.91433984], [-0.34860557], [-0.17523338]
Wörter: 999alt9999 , Vorhersage: variabel, Werte: [0.99825084], [0.99918795], [0.99631846], [0.98761433], [0.9999936], [0.9999892], [0.99970645]
Wörter: is in the u, Vorhersage: statisch, Werte: [-0.52526987], [-0.9803377], [-0.99409264], [-0.9980736], [-0.98609626], [-0.97870314], [-0.82096446]
Wörter: navailable, Vorhersage: variabel, Werte: [0.6266137], [0.81587404], [0.98099035], [0.9279113], [0.9466039], [0.7735185]
Wörter:  state (hwid, Vorhersage: statisch, Werte: [-0.20827766], [-0.7242706], [-0.89065284], [-0.9450935], [-0.978409], [-0.9452507], [-0.7885985], [-0.8845879]
Wörter: =9999), Vorhersage: variabel, Werte: [0.33959976], [0.9877333], [0.8696103]

Log: node-999 node status 9999999999 9 configured out
[297   8  68   2 297   2 212  82 213   2 245   2  11   2  84 286  25 294
  48   2  75   0   0   0   0   0   0   0   0   0   0   0   0   0   0   0
   0   0   0   0   0   0   0   0   0   0   0   0   0   0   0   0   0   0
   0   0   0   0   0   0   0   0   0   0   0   0   0   0   0   0   0   0
   0   0   0   0   0   0   0   0   0   0   0   0   0   0   0   0   0   0
   0   0   0   0   0   0   0   0   0   0   0   0   0   0   0   0   0   0
   0   0   0   0]
Wörter: node-999 node, Vorhersage: variabel, Werte: [0.35984442], [0.93679917], [0.99808633], [0.9937436], [0.77005094]
Wörter:  status 9999999999 , Vorhersage: statisch, Werte: [-0.5761149], [-0.90920186], [-0.99910086], [-0.998654], [-0.9996152], [-0.9820357], [-0.97714305]
Wörter: 9 configured , Vorhersage: variabel, Werte: [0.9999207], [0.9993713], [0.97000736], [0.87996614], [0.7811763], [0.76233894], [0.9959523], [0.9867515]
Wörter: out, Vorhersage: statisch, Werte: [-0.378984]

Log: My election bind port: 9.9.9.9/9.9.9.9:9999
[365   2 224   2 559   2 549  12   2  11   9  11   9  11   9  11  10  11
   9  11   9  11   9  11  12  46   0   0   0   0   0   0   0   0   0   0
   0   0   0   0   0   0   0   0   0   0   0   0   0   0   0   0   0   0
   0   0   0   0   0   0   0   0   0   0   0   0   0   0   0   0   0   0
   0   0   0   0   0   0   0   0   0   0   0   0   0   0   0   0   0   0
   0   0   0   0   0   0   0   0   0   0   0   0   0   0   0   0   0   0
   0   0   0   0]
Wörter: my election bind port: , Vorhersage: statisch, Werte: [-0.9957434], [-0.99936986], [-0.99991155], [-0.9999673], [-0.9997813], [-0.9998841], [-0.9992423], [-0.9983302], [-0.9911574]
Wörter: 9.9.9.9/9.9.9.9:9999, Vorhersage: variabel, Werte: [0.99995667], [0.99997103], [1.], [0.99999934], [1.], [0.99999964], [1.], [1.], [1.], [1.], [1.], [0.9999994], [1.], [0.99999905], [1.], [0.99987364], [0.99977225]

Log: Closed socket connection for client /99.99.99.99:99999 which had sessionid 9x99f9a99999b999e
[137   2 104   2  87   2  59   2  71   2  10  45   9  45   9  45   9  45
  12  52   2 139   2 138   2  78   2  11  42  45  24  11  19  52  20  68
  23   0   0   0   0   0   0   0   0   0   0   0   0   0   0   0   0   0
   0   0   0   0   0   0   0   0   0   0   0   0   0   0   0   0   0   0
   0   0   0   0   0   0   0   0   0   0   0   0   0   0   0   0   0   0
   0   0   0   0   0   0   0   0   0   0   0   0   0   0   0   0   0   0
   0   0   0   0]
Wörter: closed socket connection for client , Vorhersage: statisch, Werte: [-0.9996057], [-0.99992776], [-0.99998605], [-0.99999416], [-0.9999966], [-0.99999624], [-0.99999917], [-0.9999985], [-0.99999183], [-0.9999327]
Wörter: /99.99.99.99:99999 , Vorhersage: variabel, Werte: [0.9892506], [0.9999954], [0.9999957], [1.], [0.99999887], [1.], [0.9999963], [1.], [0.9993439], [0.9999861], [0.9994043]
Wörter: which had sessionid , Vorhersage: statisch, Werte: [-0.9998432], [-0.9999816], [-0.9999985], [-0.99999714], [-0.99974054], [-0.99588037]
Wörter: 9x99f9a99999b999e, Vorhersage: variabel, Werte: [0.9999775], [0.9999995], [1.], [1.], [1.], [1.], [1.], [0.9999992], [0.9999983], [0.99995816]

Log: caught end of stream exception
[345   2 124   2 100   2 342   2 221   0   0   0   0   0   0   0   0   0
   0   0   0   0   0   0   0   0   0   0   0   0   0   0   0   0   0   0
   0   0   0   0   0   0   0   0   0   0   0   0   0   0   0   0   0   0
   0   0   0   0   0   0   0   0   0   0   0   0   0   0   0   0   0   0
   0   0   0   0   0   0   0   0   0   0   0   0   0   0   0   0   0   0
   0   0   0   0   0   0   0   0   0   0   0   0   0   0   0   0   0   0
   0   0   0   0]
Wörter: caught end of stream exception, Vorhersage: statisch, Werte: [-0.99750614], [-0.99965525], [-0.9999284], [-0.99997574], [-0.9977825], [-0.999475], [-0.99944717], [-0.99925536], [-0.99366474]
Model: "sequential"
┏━━━━━━━━━━━━━━━━━━━━━━━━━━━━━━━━━━━━━━┳━━━━━━━━━━━━━━━━━━━━━━━━━━━━━┳━━━━━━━━━━━━━━━━━┓
┃ Layer (type)                         ┃ Output Shape                ┃         Param # ┃
┡━━━━━━━━━━━━━━━━━━━━━━━━━━━━━━━━━━━━━━╇━━━━━━━━━━━━━━━━━━━━━━━━━━━━━╇━━━━━━━━━━━━━━━━━┩
│ embedding (Embedding)                │ (None, 112, 64)             │          37,184 │
├──────────────────────────────────────┼─────────────────────────────┼─────────────────┤
│ bidirectional (Bidirectional)        │ (None, 112, 256)            │         148,992 │
├──────────────────────────────────────┼─────────────────────────────┼─────────────────┤
│ time_distributed (TimeDistributed)   │ (None, 112, 128)            │          32,896 │
├──────────────────────────────────────┼─────────────────────────────┼─────────────────┤
│ dropout (Dropout)                    │ (None, 112, 128)            │               0 │
├──────────────────────────────────────┼─────────────────────────────┼─────────────────┤
│ time_distributed_1 (TimeDistributed) │ (None, 112, 1)              │             129 │
└──────────────────────────────────────┴─────────────────────────────┴─────────────────┘
 Total params: 657,605 (2.51 MB)
 Trainable params: 219,201 (856.25 KB)
 Non-trainable params: 0 (0.00 B)
 Optimizer params: 438,404 (1.67 MB)

Training auf folgende Datei: Datensätze/Vorbereitete Daten - Beispiel/zookeeper_v1/2k/Zookeeper_2k_evaluate_content.txt
Total Trainings-Loss: [0.0650041475892067, 0.005192836746573448, 0.0016181879909709096, 0.001191775663755834, 0.000973400950897485, 0.0007970262668095529, 0.0003952027182094753, 0.00012112168042222038, 6.43375315121375e-05, 4.8601057642372325e-05]
Total Trainings-Accuracy: [0.8714422583580017, 0.9089378118515015, 0.9101267457008362, 0.9103134870529175, 0.9103225469589233, 0.9103314876556396, 0.9103999733924866, 0.9104909896850586, 0.9105183482170105, 0.910522997379303]
Total Validierungs-Loss: [0.0067963385954499245, 0.0012719356454908848, 0.00013335012772586197, 9.28168956306763e-05, 5.742609573644586e-05, 6.285451672738418e-05, 2.2296728275250643e-05, 1.7858588762464933e-05, 1.13156902443734e-05, 9.173440957965795e-06]
Total Validierungs-Accuracy: [0.9084821939468384, 0.9104911088943481, 0.910714328289032, 0.910714328289032, 0.910714328289032, 0.910714328289032, 0.910714328289032, 0.910714328289032, 0.910714328289032, 0.910714328289032]
