Loss: 0.0009368581813760102, Accuracy: 0.9998290538787842

Log: 9 ddr errors(s) detected and corrected on rank 9, symbol 9, bit 9
[  17    2  476    2  925    9   48   10    2  296    2  292    2  334
    2   86    2  602    2   17   13    2  599    2   17   13    2 1186
    2   17    0    0    0    0    0    0    0    0    0    0    0    0
    0    0    0    0    0    0    0    0    0    0    0    0    0    0
    0    0    0    0    0    0    0    0    0    0    0    0    0    0
    0    0    0    0    0    0    0    0    0    0    0    0    0    0
    0    0    0    0    0    0    0    0    0    0    0    0    0    0
    0    0    0    0    0    0    0    0    0    0    0    0    0    0
    0    0    0    0    0    0    0    0    0    0    0    0    0    0
    0    0    0    0    0    0    0    0    0    0    0    0    0    0
    0    0    0    0    0    0    0    0    0    0    0    0    0    0
    0    0    0    0    0    0    0    0    0    0    0    0    0    0
    0    0    0    0    0]
Wörter: 9 , Vorhersage: variabel, Werte: [0.9996878], [0.99989843]
Wörter: ddr errors(s) detected and corrected on rank , Vorhersage: statisch, Werte: [1.851359e-05], [2.5000707e-06], [4.7682784e-05], [4.0252224e-05], [5.072715e-07], [2.1702415e-07], [9.900154e-09], [1.1603165e-08], [4.509568e-10], [5.9720884e-10], [1.0064783e-09], [1.3380973e-06], [5.24937e-06], [0.00012466], [0.00038847], [0.00012277], [0.00074034]
Wörter: 9, , Vorhersage: variabel, Werte: [0.9999975], [0.99998915], [0.9999964]
Wörter: symbol , Vorhersage: statisch, Werte: [0.00023791], [0.00029153]
Wörter: 9, bit 9, Vorhersage: variabel, Werte: [0.99999976], [0.9999981], [0.9999989], [0.99427515], [0.999824], [0.99994123]

Log: instruction cache parity error corrected
[ 498    2 1351    2  972    2  213    2  334    0    0    0    0    0
    0    0    0    0    0    0    0    0    0    0    0    0    0    0
    0    0    0    0    0    0    0    0    0    0    0    0    0    0
    0    0    0    0    0    0    0    0    0    0    0    0    0    0
    0    0    0    0    0    0    0    0    0    0    0    0    0    0
    0    0    0    0    0    0    0    0    0    0    0    0    0    0
    0    0    0    0    0    0    0    0    0    0    0    0    0    0
    0    0    0    0    0    0    0    0    0    0    0    0    0    0
    0    0    0    0    0    0    0    0    0    0    0    0    0    0
    0    0    0    0    0    0    0    0    0    0    0    0    0    0
    0    0    0    0    0    0    0    0    0    0    0    0    0    0
    0    0    0    0    0    0    0    0    0    0    0    0    0    0
    0    0    0    0    0]
Wörter: instruction cache parity error corrected, Vorhersage: statisch, Werte: [0.0001759], [0.00018202], [4.455188e-06], [1.1079549e-06], [2.233314e-05], [3.3072931e-06], [1.2842464e-06], [5.252742e-08], [1.5991976e-05]

Log: total of 99 ddr error(s) detected and corrected
[676   2 135   2  57   2 476   2 213   9  48  10   2 296   2 292   2 334
   0   0   0   0   0   0   0   0   0   0   0   0   0   0   0   0   0   0
   0   0   0   0   0   0   0   0   0   0   0   0   0   0   0   0   0   0
   0   0   0   0   0   0   0   0   0   0   0   0   0   0   0   0   0   0
   0   0   0   0   0   0   0   0   0   0   0   0   0   0   0   0   0   0
   0   0   0   0   0   0   0   0   0   0   0   0   0   0   0   0   0   0
   0   0   0   0   0   0   0   0   0   0   0   0   0   0   0   0   0   0
   0   0   0   0   0   0   0   0   0   0   0   0   0   0   0   0   0   0
   0   0   0   0   0   0   0   0   0   0   0   0   0   0   0   0   0   0
   0   0   0   0   0   0   0   0   0   0   0]
Wörter: total of , Vorhersage: statisch, Werte: [1.0186101e-06], [3.0550427e-07], [2.474597e-06], [1.03442e-06]
Wörter: 99 , Vorhersage: variabel, Werte: [0.99999976], [0.99999964]
Wörter: ddr error(s) detected and corrected, Vorhersage: statisch, Werte: [5.0320947e-09], [2.1986906e-09], [6.5638545e-05], [5.492215e-05], [7.023497e-07], [1.781087e-07], [5.1313247e-09], [1.9222265e-08], [7.32654e-10], [2.0751305e-08], [2.7583717e-08], [0.00038621]

Log: 99.999.9.9:99999 Served block blk_-99999999999999999 to /99.999.9.9
[  57   15   62   15   17   15   17   18   73    2  409    2  719    2
 2286   40   28   14   81   17    2  472    2   16   57   15   62   15
   17   15   17    0    0    0    0    0    0    0    0    0    0    0
    0    0    0    0    0    0    0    0    0    0    0    0    0    0
    0    0    0    0    0    0    0    0    0    0    0    0    0    0
    0    0    0    0    0    0    0    0    0    0    0    0    0    0
    0    0    0    0    0    0    0    0    0    0    0    0    0    0
    0    0    0    0    0    0    0    0    0    0    0    0    0    0
    0    0    0    0    0    0    0    0    0    0    0    0    0    0
    0    0    0    0    0    0    0    0    0    0    0    0    0    0
    0    0    0    0    0    0    0    0    0    0    0    0    0    0
    0    0    0    0    0    0    0    0    0    0    0    0    0    0
    0    0    0    0    0]
Wörter: 99.999.9.9:99999 served , Vorhersage: variabel, Werte: [1.], [1.], [1.], [1.], [1.], [1.], [1.], [1.], [1.], [1.], [0.7309776], [0.98966825]
Wörter: block blk, Vorhersage: statisch, Werte: [4.2431928e-08], [1.7665602e-08], [0.00964906], [0.35105258]
Wörter: _-99999999999999999 , Vorhersage: variabel, Werte: [0.6805322], [0.7870553], [0.762273], [0.99492115], [0.9968857]
Wörter: to , Vorhersage: statisch, Werte: [1.874397e-05], [5.524384e-05]
Wörter: /99.999.9.9, Vorhersage: variabel, Werte: [0.9999999], [1.], [1.], [1.], [1.], [1.], [1.], [1.]

Log: BLOCK* NameSystem.allocateBlock: /mnt/hadoop/mapred/system/job_999999999999_9999/job.jar. blk_9999999999999999999
[ 719   11    2 1614  276   15 2124 2900  337   89  314   18    2   16
   42  178   16   37 1306 1470   16  218   80   85   16  276   16 4129
   28 2064   28   58   16 4129   15 1396   15    2 2286   40   28   81
   62    0    0    0    0    0    0    0    0    0    0    0    0    0
    0    0    0    0    0    0    0    0    0    0    0    0    0    0
    0    0    0    0    0    0    0    0    0    0    0    0    0    0
    0    0    0    0    0    0    0    0    0    0    0    0    0    0
    0    0    0    0    0    0    0    0    0    0    0    0    0    0
    0    0    0    0    0    0    0    0    0    0    0    0    0    0
    0    0    0    0    0    0    0    0    0    0    0    0    0    0
    0    0    0    0    0    0    0    0    0    0    0    0    0    0
    0    0    0    0    0    0    0    0    0    0    0    0    0    0
    0    0    0    0    0]
Wörter: block* namesystem.allocateblock: , Vorhersage: statisch, Werte: [1.7411245e-05], [4.9391974e-06], [4.296411e-06], [0.02382824], [0.03069104], [0.02551519], [0.03480038], [0.05041255], [0.40103263], [0.16490982], [0.04179715], [0.03135071], [0.4110732]
Wörter: /mnt/hadoop/mapred/system/job_999999999999_9999/job.jar. blk_9999999999999999999, Vorhersage: variabel, Werte: [0.9994979], [0.9995627], [0.99979526], [0.9999856], [0.9999893], [0.99998844], [0.99998856], [0.9999981], [0.99999845], [0.9999994], [0.9999999], [1.], [1.], [1.], [0.9999999], [0.99999857], [0.99999964], [0.99999964], [1.], [1.], [1.], [0.99999964], [0.99999356], [0.99981874], [0.99999046], [0.9824316], [0.99504626], [0.9914131], [0.99811316], [0.9998778]

Log: 99.999.99.999:99999 Starting thread to transfer block blk_-9999999999999999999 to 99.999.999.999:99999, 99.999.99.999:99999
[  57   15   62   15   57   15   62   18   73    2 1288    2 3261    2
  472    2  466  246   48 2317    2  719    2 2286   40   28   14   81
   62    2  472    2   57   15   62   15   62   15   62   18   73   13
    2   57   15   62   15   57   15   62   18   73    0    0    0    0
    0    0    0    0    0    0    0    0    0    0    0    0    0    0
    0    0    0    0    0    0    0    0    0    0    0    0    0    0
    0    0    0    0    0    0    0    0    0    0    0    0    0    0
    0    0    0    0    0    0    0    0    0    0    0    0    0    0
    0    0    0    0    0    0    0    0    0    0    0    0    0    0
    0    0    0    0    0    0    0    0    0    0    0    0    0    0
    0    0    0    0    0    0    0    0    0    0    0    0    0    0
    0    0    0    0    0    0    0    0    0    0    0    0    0    0
    0    0    0    0    0]
Wörter: 99.999.99.999:99999 , Vorhersage: variabel, Werte: [1.], [1.], [1.], [1.], [1.], [1.], [1.], [0.9999999], [0.99999726], [0.9999976]
Wörter: starting thread to transfer block bl, Vorhersage: statisch, Werte: [3.014238e-09], [2.2347937e-09], [4.9270343e-09], [1.9976663e-09], [8.2102825e-10], [5.486979e-10], [1.628564e-07], [6.518989e-08], [2.8613352e-08], [3.954161e-09], [1.9647971e-10], [8.4393603e-10], [6.5749384e-10], [0.01343648]
Wörter: k_-9999999999999999999 , Vorhersage: variabel, Werte: [0.5979522], [0.9651962], [0.98513293], [0.9872721], [0.99968493], [0.9996456]
Wörter: to , Vorhersage: statisch, Werte: [7.5945376e-05], [0.00069593]
Wörter: 99.999.999.999:99999, 99.999.99.999:99999, Vorhersage: variabel, Werte: [1.], [1.], [1.], [1.], [1.], [1.], [1.], [1.], [1.], [0.9999999], [1.], [1.], [1.], [1.], [1.], [1.], [1.], [1.], [1.], [1.]

Log: rs.sinajs.cn:99 open through proxy proxy.cse.cuhk.edu.hk:9999 HTTPS
[3055   15 1635   15  548   18   57    2  264    2  258    2  191    2
  191   15  243   15  244   15  242   15  188   18   58    2  274    0
    0    0    0    0    0    0    0    0    0    0    0    0    0    0
    0    0    0    0    0    0    0    0    0    0    0    0    0    0
    0    0    0    0    0    0    0    0    0    0    0    0    0    0
    0    0    0    0    0    0    0    0    0    0    0    0    0    0
    0    0    0    0    0    0    0    0    0    0    0    0    0    0
    0    0    0    0    0    0    0    0    0    0    0    0    0    0
    0    0    0    0    0    0    0    0    0    0    0    0    0    0
    0    0    0    0    0    0    0    0    0    0    0    0    0    0
    0    0    0    0    0    0    0    0    0    0    0    0    0    0
    0    0    0    0    0    0    0    0    0    0    0    0    0    0
    0    0    0    0    0]
Wörter: rs.sinajs.cn:99 , Vorhersage: variabel, Werte: [0.9999099], [0.9999883], [0.9999944], [0.9999962], [0.99999666], [0.9999969], [0.9999999], [0.9999999]
Wörter: open through proxy , Vorhersage: statisch, Werte: [2.3016732e-07], [3.4880596e-08], [1.4978582e-10], [3.6206916e-11], [2.3930982e-08], [3.8846924e-08]
Wörter: proxy.cse.cuhk.edu.hk:9999 , Vorhersage: variabel, Werte: [0.999998], [0.9999995], [1.], [1.], [1.], [1.], [1.], [1.], [1.], [1.], [0.99999964], [0.9999999]
Wörter: https, Vorhersage: statisch, Werte: [2.8555776e-08]

Log: pic9.zhimg.com:999 close, 9999 bytes (9.99 KB) sent, 9999 bytes (9.99 KB) received, lifetime 99:99
[1848   17   15 2411   15  185   18   62    2  232   13    2   58    2
  209    2    9   17   15   57    2  210   10    2  281   13    2   58
    2  209    2    9   17   15   57    2  210   10    2  269   13    2
  283    2   57   18   57    0    0    0    0    0    0    0    0    0
    0    0    0    0    0    0    0    0    0    0    0    0    0    0
    0    0    0    0    0    0    0    0    0    0    0    0    0    0
    0    0    0    0    0    0    0    0    0    0    0    0    0    0
    0    0    0    0    0    0    0    0    0    0    0    0    0    0
    0    0    0    0    0    0    0    0    0    0    0    0    0    0
    0    0    0    0    0    0    0    0    0    0    0    0    0    0
    0    0    0    0    0    0    0    0    0    0    0    0    0    0
    0    0    0    0    0    0    0    0    0    0    0    0    0    0
    0    0    0    0    0]
Wörter: pic9.zhimg.com:999 , Vorhersage: variabel, Werte: [0.9999924], [1.], [1.], [1.], [1.], [1.], [1.], [1.], [1.]
Wörter: close, , Vorhersage: statisch, Werte: [5.6504643e-07], [1.6174045e-07], [8.8128424e-08]
Wörter: 9999 , Vorhersage: variabel, Werte: [0.9999993], [0.99999964]
Wörter: bytes , Vorhersage: statisch, Werte: [5.632723e-09], [2.1330987e-08]
Wörter: (9.99 kb) , Vorhersage: variabel, Werte: [1.], [1.], [1.], [1.], [1.], [0.9999995], [1.], [0.99999976]
Wörter: sent, , Vorhersage: statisch, Werte: [1.6151278e-06], [2.616034e-07], [5.748337e-08]
Wörter: 9999 , Vorhersage: variabel, Werte: [0.9999995], [0.99999964]
Wörter: bytes , Vorhersage: statisch, Werte: [4.2128128e-09], [1.9582032e-08]
Wörter: (9.99 kb) , Vorhersage: variabel, Werte: [1.], [1.], [1.], [1.], [1.], [0.99999964], [1.], [0.9999999]
Wörter: received, lifetime , Vorhersage: statisch, Werte: [1.5790224e-08], [8.060916e-10], [1.2157883e-11], [9.737648e-10], [1.2440166e-08]
Wörter: 99:99, Vorhersage: variabel, Werte: [1.], [1.], [1.]

Log: ping9.teamviewer.com:999 (IPv9) error : Could not connect through proxy proxy.cse.cuhk.edu.hk:9999 - Proxy server cannot establish a connection with the target, status code 999
[1555   17   15 1531   15  185   18   62    2    9 2087   17   10    2
  213    2   18    2  494    2  107    2  291    2  258    2  191    2
  191   15  243   15  244   15  242   15  188   18   58    2   14    2
  191    2  483    2  731    2  363    2   30    2  310    2  341    2
  129    2  457   13    2  431    2  471    2   62    0    0    0    0
    0    0    0    0    0    0    0    0    0    0    0    0    0    0
    0    0    0    0    0    0    0    0    0    0    0    0    0    0
    0    0    0    0    0    0    0    0    0    0    0    0    0    0
    0    0    0    0    0    0    0    0    0    0    0    0    0    0
    0    0    0    0    0    0    0    0    0    0    0    0    0    0
    0    0    0    0    0    0    0    0    0    0    0    0    0    0
    0    0    0    0    0    0    0    0    0    0    0    0    0    0
    0    0    0    0    0]
Wörter: ping9.teamviewer.com:999 (ipv9) , Vorhersage: variabel, Werte: [0.9999975], [1.], [1.], [1.], [1.], [1.], [1.], [1.], [1.], [0.9995578], [0.99977964], [0.99998367], [0.99991274], [0.9999764]
Wörter: error : could not connect through proxy , Vorhersage: statisch, Werte: [1.6815564e-05], [6.8772274e-06], [7.9635e-06], [3.8345393e-06], [3.2637093e-09], [8.613137e-10], [5.358757e-11], [3.7940182e-11], [1.0760985e-10], [8.360606e-12], [2.336985e-15], [1.9796168e-15], [1.0862153e-10], [3.0878128e-10]
Wörter: proxy.cse.cuhk.edu.hk:9999 , Vorhersage: variabel, Werte: [0.9999757], [0.99999344], [1.], [1.], [1.], [1.], [1.], [0.9999999], [1.], [0.9999975], [0.9999882], [0.99999666]
Wörter: - proxy server cannot establish a connection with the target, status code , Vorhersage: statisch, Werte: [7.067136e-07], [2.465913e-07], [1.5518168e-05], [8.226039e-06], [3.9991637e-08], [4.127362e-08], [9.488905e-09], [1.1830324e-08], [6.9690436e-09], [6.2576713e-09], [8.7610715e-08], [1.04575875e-07], [6.5820714e-08], [6.0648446e-08], [6.0706173e-09], [3.0312457e-09], [4.605428e-14], [4.5152823e-14], [1.4238032e-13], [9.81756e-14], [3.2934183e-13], [2.569476e-09], [1.1632958e-10], [5.168978e-08], [1.10486376e-07]
Wörter: 999, Vorhersage: variabel, Werte: [0.99999416]

Log: Component State Change: Component \999alt9\999 is in the unavailable state (HWID=9999)
[317   2 271   2 367  18   2 317   2  26  62 593  17  26  62   2 216   2
  66   2 129   2 366   2 271   2   9 423  21  58  10   0   0   0   0   0
   0   0   0   0   0   0   0   0   0   0   0   0   0   0   0   0   0   0
   0   0   0   0   0   0   0   0   0   0   0   0   0   0   0   0   0   0
   0   0   0   0   0   0   0   0   0   0   0   0   0   0   0   0   0   0
   0   0   0   0   0   0   0   0   0   0   0   0   0   0   0   0   0   0
   0   0   0   0   0   0   0   0   0   0   0   0   0   0   0   0   0   0
   0   0   0   0   0   0   0   0   0   0   0   0   0   0   0   0   0   0
   0   0   0   0   0   0   0   0   0   0   0   0   0   0   0   0   0   0
   0   0   0   0   0   0   0   0   0   0   0]
Wörter: component state change: component , Vorhersage: statisch, Werte: [3.2515659e-06], [1.813652e-06], [8.3533126e-07], [3.4532965e-07], [8.218898e-07], [7.4721335e-08], [9.901116e-09], [4.023663e-07], [3.0429553e-07]
Wörter: \999alt9\999 , Vorhersage: variabel, Werte: [0.99999976], [1.], [1.], [1.], [1.], [1.], [0.9999999]
Wörter: is in the unavailable state , Vorhersage: statisch, Werte: [1.539147e-08], [1.4426304e-08], [9.096773e-08], [6.214901e-08], [7.96231e-10], [4.9157867e-10], [1.3178683e-09], [4.1449383e-12], [2.4509041e-09], [1.2090746e-08]
Wörter: (hwid=9999), Vorhersage: variabel, Werte: [0.99999094], [0.99999976], [0.9999999], [0.9999999], [0.99999714]

Log: unix.hw state_change.unavailable 9999999999 9 Component State Change: Component \999alt9\999 is in the unavailable state (HWID=9999)
[490  15 491   2 271  28 367  15 366   2 293   2  17   2 317   2 271   2
 367  18   2 317   2  26  62 593  17  26  62   2 216   2  66   2 129   2
 366   2 271   2   9 423  21  58  10   0   0   0   0   0   0   0   0   0
   0   0   0   0   0   0   0   0   0   0   0   0   0   0   0   0   0   0
   0   0   0   0   0   0   0   0   0   0   0   0   0   0   0   0   0   0
   0   0   0   0   0   0   0   0   0   0   0   0   0   0   0   0   0   0
   0   0   0   0   0   0   0   0   0   0   0   0   0   0   0   0   0   0
   0   0   0   0   0   0   0   0   0   0   0   0   0   0   0   0   0   0
   0   0   0   0   0   0   0   0   0   0   0   0   0   0   0   0   0   0
   0   0   0   0   0   0   0   0   0   0   0]
Wörter: unix.hw state_change.unavailable 9999999999 9 , Vorhersage: variabel, Werte: [0.9999876], [0.9999844], [0.99982184], [0.9999713], [0.9999727], [0.99999106], [0.9999666], [0.9999894], [0.99999845], [0.999977], [0.99999356], [0.99999905], [0.99999774], [0.99999964]
Wörter: component state change: component , Vorhersage: statisch, Werte: [8.588308e-08], [7.775245e-08], [1.6559227e-06], [7.5465744e-07], [5.275378e-07], [4.6015256e-08], [5.8961684e-09], [3.6398012e-07], [2.94562e-07]
Wörter: \999alt9\999 , Vorhersage: variabel, Werte: [0.9999999], [1.], [1.], [1.], [1.], [1.], [0.9999999]
Wörter: is in the unavailable state , Vorhersage: statisch, Werte: [2.4472618e-08], [2.3869351e-08], [1.29574e-07], [9.271875e-08], [1.2846956e-09], [7.953779e-10], [1.969999e-09], [5.8120375e-12], [3.1228542e-09], [1.4749639e-08]
Wörter: (hwid=9999), Vorhersage: variabel, Werte: [0.99999213], [0.99999976], [0.9999999], [0.9999999], [0.9999974]

Log: node-999 node status 9999999999 9 configured out
[  70   14   62    2   70    2  431    2  293    2   17    2 1373    2
  266    0    0    0    0    0    0    0    0    0    0    0    0    0
    0    0    0    0    0    0    0    0    0    0    0    0    0    0
    0    0    0    0    0    0    0    0    0    0    0    0    0    0
    0    0    0    0    0    0    0    0    0    0    0    0    0    0
    0    0    0    0    0    0    0    0    0    0    0    0    0    0
    0    0    0    0    0    0    0    0    0    0    0    0    0    0
    0    0    0    0    0    0    0    0    0    0    0    0    0    0
    0    0    0    0    0    0    0    0    0    0    0    0    0    0
    0    0    0    0    0    0    0    0    0    0    0    0    0    0
    0    0    0    0    0    0    0    0    0    0    0    0    0    0
    0    0    0    0    0    0    0    0    0    0    0    0    0    0
    0    0    0    0    0]
Wörter: node-999 node status 9999999999 9 , Vorhersage: variabel, Werte: [0.9985207], [0.9990619], [0.9999404], [0.9999896], [0.9996424], [0.99994445], [0.9999981], [0.9999875], [0.9999857], [0.99999857], [0.9999987], [0.9999999]
Wörter: configured out, Vorhersage: statisch, Werte: [1.5226066e-06], [2.4952516e-07], [2.8171704e-05]

Log: My election bind port: 9.9.9.9/9.9.9.9:9999
[1066    2 1217    2 3828    2  900   18    2   17   15   17   15   17
   15   17   16   17   15   17   15   17   15   17   18   58    0    0
    0    0    0    0    0    0    0    0    0    0    0    0    0    0
    0    0    0    0    0    0    0    0    0    0    0    0    0    0
    0    0    0    0    0    0    0    0    0    0    0    0    0    0
    0    0    0    0    0    0    0    0    0    0    0    0    0    0
    0    0    0    0    0    0    0    0    0    0    0    0    0    0
    0    0    0    0    0    0    0    0    0    0    0    0    0    0
    0    0    0    0    0    0    0    0    0    0    0    0    0    0
    0    0    0    0    0    0    0    0    0    0    0    0    0    0
    0    0    0    0    0    0    0    0    0    0    0    0    0    0
    0    0    0    0    0    0    0    0    0    0    0    0    0    0
    0    0    0    0    0]
Wörter: my election bind port: , Vorhersage: statisch, Werte: [0.00010509], [0.00025014], [1.1793752e-07], [5.262359e-08], [2.2763987e-07], [3.6874642e-08], [4.4499336e-07], [3.398347e-08], [3.0794638e-08]
Wörter: 9.9.9.9/9.9.9.9:9999, Vorhersage: variabel, Werte: [1.], [1.], [1.], [1.], [1.], [1.], [1.], [1.], [1.], [1.], [1.], [1.], [1.], [1.], [1.], [1.], [0.99999976]

Log: Closed socket connection for client /99.99.99.99:99999 which had sessionid 9x99f9a99999b999e
[389   2 382   2 310   2 127   2 268   2  16  57  15  57  15  57  15  57
  18  73   2 391   2 398   2 294   2  17  53  57  35  17  30  73  31  62
  34   0   0   0   0   0   0   0   0   0   0   0   0   0   0   0   0   0
   0   0   0   0   0   0   0   0   0   0   0   0   0   0   0   0   0   0
   0   0   0   0   0   0   0   0   0   0   0   0   0   0   0   0   0   0
   0   0   0   0   0   0   0   0   0   0   0   0   0   0   0   0   0   0
   0   0   0   0   0   0   0   0   0   0   0   0   0   0   0   0   0   0
   0   0   0   0   0   0   0   0   0   0   0   0   0   0   0   0   0   0
   0   0   0   0   0   0   0   0   0   0   0   0   0   0   0   0   0   0
   0   0   0   0   0   0   0   0   0   0   0]
Wörter: closed socket connection for client , Vorhersage: statisch, Werte: [1.05682976e-10], [6.534241e-11], [5.2256455e-10], [2.8921024e-10], [5.061386e-09], [4.2113992e-09], [7.911184e-11], [5.328263e-11], [7.3110136e-11], [8.626959e-11]
Wörter: /99.99.99.99:99999 , Vorhersage: variabel, Werte: [0.999949], [1.], [1.], [1.], [1.], [1.], [1.], [1.], [1.], [0.9999995], [0.99999964]
Wörter: which had sessionid , Vorhersage: statisch, Werte: [4.892365e-10], [2.428446e-10], [1.2723073e-10], [1.9929945e-11], [2.0759915e-10], [1.9202677e-10]
Wörter: 9x99f9a99999b999e, Vorhersage: variabel, Werte: [0.99999976], [1.], [1.], [1.], [1.], [1.], [1.], [1.], [1.], [1.]

Log: caught end of stream exception
[1090    2  771    2  135    2 1301    2  687    0    0    0    0    0
    0    0    0    0    0    0    0    0    0    0    0    0    0    0
    0    0    0    0    0    0    0    0    0    0    0    0    0    0
    0    0    0    0    0    0    0    0    0    0    0    0    0    0
    0    0    0    0    0    0    0    0    0    0    0    0    0    0
    0    0    0    0    0    0    0    0    0    0    0    0    0    0
    0    0    0    0    0    0    0    0    0    0    0    0    0    0
    0    0    0    0    0    0    0    0    0    0    0    0    0    0
    0    0    0    0    0    0    0    0    0    0    0    0    0    0
    0    0    0    0    0    0    0    0    0    0    0    0    0    0
    0    0    0    0    0    0    0    0    0    0    0    0    0    0
    0    0    0    0    0    0    0    0    0    0    0    0    0    0
    0    0    0    0    0]
Wörter: caught end of stream exception, Vorhersage: statisch, Werte: [1.0237001e-05], [7.135235e-06], [3.5922294e-05], [1.4023276e-05], [3.2943146e-06], [1.4226486e-06], [1.7109576e-07], [4.735114e-08], [4.507438e-09]
Model: "sequential"
┏━━━━━━━━━━━━━━━━━━━━━━━━━━━━━━━━━━━━━━┳━━━━━━━━━━━━━━━━━━━━━━━━━━━━━┳━━━━━━━━━━━━━━━━━┓
┃ Layer (type)                         ┃ Output Shape                ┃         Param # ┃
┡━━━━━━━━━━━━━━━━━━━━━━━━━━━━━━━━━━━━━━╇━━━━━━━━━━━━━━━━━━━━━━━━━━━━━╇━━━━━━━━━━━━━━━━━┩
│ embedding (Embedding)                │ (None, 173, 64)             │         271,744 │
├──────────────────────────────────────┼─────────────────────────────┼─────────────────┤
│ bidirectional (Bidirectional)        │ (None, 173, 256)            │         148,992 │
├──────────────────────────────────────┼─────────────────────────────┼─────────────────┤
│ time_distributed (TimeDistributed)   │ (None, 173, 128)            │          32,896 │
├──────────────────────────────────────┼─────────────────────────────┼─────────────────┤
│ dropout (Dropout)                    │ (None, 173, 128)            │               0 │
├──────────────────────────────────────┼─────────────────────────────┼─────────────────┤
│ time_distributed_1 (TimeDistributed) │ (None, 173, 1)              │             129 │
└──────────────────────────────────────┴─────────────────────────────┴─────────────────┘
 Total params: 1,361,285 (5.19 MB)
 Trainable params: 453,761 (1.73 MB)
 Non-trainable params: 0 (0.00 B)
 Optimizer params: 907,524 (3.46 MB)

Training auf folgende Datei: Datensätze/Vorbereitete Daten - Beispiel/bgl_v1/2k/BGL_2k_evaluate_content.txt
Total Trainings-Loss: [0.02264993079006672, 0.001923414645716548, 0.0012095595011487603, 0.0008469171589240432, 0.0006803479045629501, 0.0005724230431951582, 0.0004081317165400833, 0.0003408287011552602, 0.00025548136909492314, 0.00017672429385129362]
Total Trainings-Accuracy: [0.993068516254425, 0.9993706345558167, 0.9996296167373657, 0.9997283220291138, 0.999788761138916, 0.9998149871826172, 0.9998688697814941, 0.9999058842658997, 0.9999152421951294, 0.9999423623085022]
Total Validierungs-Loss: [0.0027132241521030664, 0.0018235767493024468, 0.0013954408932477236, 0.0012269668513908982, 0.0013024319196119905, 0.0010899765184149146, 0.0012444135500118136, 0.0010911367135122418, 0.0009453930542804301, 0.0009368574246764183]
Total Validierungs-Accuracy: [0.9992362260818481, 0.9995583891868591, 0.9996715784072876, 0.9997267723083496, 0.999701738357544, 0.9997484683990479, 0.9997302889823914, 0.9997350573539734, 0.9998036623001099, 0.9998290538787842]
