Loss: 0.0006201392970979214, Accuracy: 0.9239875078201294

Log: 9 ddr errors(s) detected and corrected on rank 9, symbol 9, bit 9
[  17    2  471    2  953    9   45   10    2  301    2  274    2  348
    2  100    2  589    2   17   13    2  588    2   17   13    2 1108
    2   17    0    0    0    0    0    0    0    0    0    0    0    0
    0    0    0    0    0    0    0    0    0    0    0    0    0    0
    0    0    0    0    0    0    0    0    0    0    0    0    0    0
    0    0    0    0    0    0    0    0    0    0    0    0    0    0
    0    0    0    0    0    0    0    0    0    0    0    0    0    0
    0    0    0    0    0    0    0    0    0    0    0    0    0    0
    0    0    0    0    0    0    0    0    0    0    0    0    0    0
    0    0    0    0    0    0    0    0    0    0    0    0    0    0
    0    0    0    0    0    0    0    0    0    0    0    0    0    0
    0    0    0    0    0    0    0    0    0    0    0    0    0    0
    0    0    0    0    0]
Wörter: 9 , Vorhersage: variabel, Werte: [0.9999967], [0.999966]
Wörter: ddr errors(s) detected and corrected on rank , Vorhersage: statisch, Werte: [-1.], [-1.], [-0.9999997], [-1.], [-1.], [-1.], [-1.], [-0.99999964], [-1.], [-1.], [-1.], [-0.9999957], [-0.99999803], [-1.], [-1.], [-1.], [-1.]
Wörter: 9, , Vorhersage: variabel, Werte: [0.99998355], [0.9999901], [0.99980265]
Wörter: symbol , Vorhersage: statisch, Werte: [-0.99999684], [-0.9999963]
Wörter: 9, bit 9, Vorhersage: variabel, Werte: [0.9999673], [0.99976885], [0.9984232], [0.99868375], [0.9999129], [0.9999449]

Log: instruction cache parity error corrected
[ 494    2 1354    2  990    2  224    2  348    0    0    0    0    0
    0    0    0    0    0    0    0    0    0    0    0    0    0    0
    0    0    0    0    0    0    0    0    0    0    0    0    0    0
    0    0    0    0    0    0    0    0    0    0    0    0    0    0
    0    0    0    0    0    0    0    0    0    0    0    0    0    0
    0    0    0    0    0    0    0    0    0    0    0    0    0    0
    0    0    0    0    0    0    0    0    0    0    0    0    0    0
    0    0    0    0    0    0    0    0    0    0    0    0    0    0
    0    0    0    0    0    0    0    0    0    0    0    0    0    0
    0    0    0    0    0    0    0    0    0    0    0    0    0    0
    0    0    0    0    0    0    0    0    0    0    0    0    0    0
    0    0    0    0    0    0    0    0    0    0    0    0    0    0
    0    0    0    0    0]
Wörter: instruction cache parity error corrected, Vorhersage: statisch, Werte: [-0.99999785], [-0.9999995], [-0.9999998], [-1.], [-0.9999997], [-1.], [-1.], [-1.], [-0.99999917]

Log: total of 99 ddr error(s) detected and corrected
[687   2 134   2  54   2 471   2 224   9  45  10   2 301   2 274   2 348
   0   0   0   0   0   0   0   0   0   0   0   0   0   0   0   0   0   0
   0   0   0   0   0   0   0   0   0   0   0   0   0   0   0   0   0   0
   0   0   0   0   0   0   0   0   0   0   0   0   0   0   0   0   0   0
   0   0   0   0   0   0   0   0   0   0   0   0   0   0   0   0   0   0
   0   0   0   0   0   0   0   0   0   0   0   0   0   0   0   0   0   0
   0   0   0   0   0   0   0   0   0   0   0   0   0   0   0   0   0   0
   0   0   0   0   0   0   0   0   0   0   0   0   0   0   0   0   0   0
   0   0   0   0   0   0   0   0   0   0   0   0   0   0   0   0   0   0
   0   0   0   0   0   0   0   0   0   0   0]
Wörter: total of , Vorhersage: statisch, Werte: [-0.99910015], [-0.9998501], [-0.99420667], [-0.99667066]
Wörter: 99 , Vorhersage: variabel, Werte: [1.], [0.99999964]
Wörter: ddr error(s) detected and corrected, Vorhersage: statisch, Werte: [-0.9543968], [-0.9923933], [-0.9945422], [-0.99715275], [-0.99970376], [-0.99788475], [-0.99977934], [-0.99981576], [-0.9999697], [-0.99997044], [-0.9999931], [-0.9952869]

Log: 99.999.9.9:99999 Served block blk_-99999999999999999 to /99.999.9.9
[ 54  15  58  15  17  15  17  18  65   2 247   2 126   2 139  25  14 321
   2  87   2  16  54  15  58  15  17  15  17   0   0   0   0   0   0   0
   0   0   0   0   0   0   0   0   0   0   0   0   0   0   0   0   0   0
   0   0   0   0   0   0   0   0   0   0   0   0   0   0   0   0   0   0
   0   0   0   0   0   0   0   0   0   0   0   0   0   0   0   0   0   0
   0   0   0   0   0   0   0   0   0   0   0   0   0   0   0   0   0   0
   0   0   0   0   0   0   0   0   0   0   0   0   0   0   0   0   0   0
   0   0   0   0   0   0   0   0   0   0   0   0   0   0   0   0   0   0
   0   0   0   0   0   0   0   0   0   0   0   0   0   0   0   0   0   0
   0   0   0   0   0   0   0   0   0   0   0]
Wörter: 99.999.9.9:99999 , Vorhersage: variabel, Werte: [1.], [1.], [1.], [1.], [1.], [1.], [1.], [1.], [1.], [1.]
Wörter: served block , Vorhersage: statisch, Werte: [-0.99988765], [-0.9999982], [-1.], [-1.]
Wörter: blk_-99999999999999999 , Vorhersage: variabel, Werte: [0.9999617], [0.9999995], [0.99999964], [1.], [1.]
Wörter: to , Vorhersage: statisch, Werte: [-0.9999243], [-0.9999512]
Wörter: /99.999.9.9, Vorhersage: variabel, Werte: [0.9994494], [1.], [1.], [1.], [1.], [1.], [1.], [1.]

Log: BLOCK* NameSystem.allocateBlock: /mnt/hadoop/mapred/system/job_999999999999_9999/job.jar. blk_9999999999999999999
[ 126   11    2  293   15  518   18    2   16  731   16  737   16 1417
   16  213   16  657   25  517   25   55   16  657   15 2047   15    2
  139   25  209    0    0    0    0    0    0    0    0    0    0    0
    0    0    0    0    0    0    0    0    0    0    0    0    0    0
    0    0    0    0    0    0    0    0    0    0    0    0    0    0
    0    0    0    0    0    0    0    0    0    0    0    0    0    0
    0    0    0    0    0    0    0    0    0    0    0    0    0    0
    0    0    0    0    0    0    0    0    0    0    0    0    0    0
    0    0    0    0    0    0    0    0    0    0    0    0    0    0
    0    0    0    0    0    0    0    0    0    0    0    0    0    0
    0    0    0    0    0    0    0    0    0    0    0    0    0    0
    0    0    0    0    0    0    0    0    0    0    0    0    0    0
    0    0    0    0    0]
Wörter: block* namesystem.allocateblock: , Vorhersage: statisch, Werte: [-0.99990684], [-0.9999786], [-0.9999932], [-1.], [-1.], [-1.], [-1.], [-1.]
Wörter: /mnt/hadoop/mapred/system/job_999999999999_9999/job.jar. blk_9999999999999999999, Vorhersage: variabel, Werte: [0.9994139], [0.99999654], [0.9999992], [0.99999934], [0.9999988], [0.9999992], [0.99999726], [0.9999976], [0.99998945], [0.99947435], [0.9976579], [0.99985963], [0.9999956], [1.], [1.], [1.], [1.], [0.99999815], [0.99981743], [0.99984074], [0.99999964], [1.], [0.9999998]

Log: 99.999.99.999:99999 Starting thread to transfer block blk_-9999999999999999999 to 99.999.999.999:99999, 99.999.99.999:99999
[ 54  15  58  15  54  15  58  18  65   2 319   2 324   2  87   2 325   2
 126   2 139  25  14 209   2  87   2  54  15  58  15  58  15  58  18  65
  13   2  54  15  58  15  54  15  58  18  65   0   0   0   0   0   0   0
   0   0   0   0   0   0   0   0   0   0   0   0   0   0   0   0   0   0
   0   0   0   0   0   0   0   0   0   0   0   0   0   0   0   0   0   0
   0   0   0   0   0   0   0   0   0   0   0   0   0   0   0   0   0   0
   0   0   0   0   0   0   0   0   0   0   0   0   0   0   0   0   0   0
   0   0   0   0   0   0   0   0   0   0   0   0   0   0   0   0   0   0
   0   0   0   0   0   0   0   0   0   0   0   0   0   0   0   0   0   0
   0   0   0   0   0   0   0   0   0   0   0]
Wörter: 99.999.99.999:99999 , Vorhersage: variabel, Werte: [1.], [1.], [1.], [1.], [1.], [1.], [1.], [1.], [1.], [1.]
Wörter: starting thread to transfer block , Vorhersage: statisch, Werte: [-1.], [-1.], [-1.], [-1.], [-1.], [-1.], [-1.], [-1.], [-1.], [-1.]
Wörter: blk_-9999999999999999999 , Vorhersage: variabel, Werte: [0.9999961], [1.], [0.9999996], [1.], [1.]
Wörter: to , Vorhersage: statisch, Werte: [-0.9999405], [-0.9999364]
Wörter: 99.999.999.999:99999, 99.999.99.999:99999, Vorhersage: variabel, Werte: [1.], [1.], [1.], [1.], [1.], [1.], [1.], [1.], [1.], [1.], [1.], [1.], [1.], [1.], [1.], [1.], [1.], [1.], [1.], [1.]

Log: rs.sinajs.cn:99 open through proxy proxy.cse.cuhk.edu.hk:9999 HTTPS
[3120   15 1536   15  547   18   54    2  267    2  264    2  193    2
  193   15  246   15  248   15  235   15  188   18   55    2  277    0
    0    0    0    0    0    0    0    0    0    0    0    0    0    0
    0    0    0    0    0    0    0    0    0    0    0    0    0    0
    0    0    0    0    0    0    0    0    0    0    0    0    0    0
    0    0    0    0    0    0    0    0    0    0    0    0    0    0
    0    0    0    0    0    0    0    0    0    0    0    0    0    0
    0    0    0    0    0    0    0    0    0    0    0    0    0    0
    0    0    0    0    0    0    0    0    0    0    0    0    0    0
    0    0    0    0    0    0    0    0    0    0    0    0    0    0
    0    0    0    0    0    0    0    0    0    0    0    0    0    0
    0    0    0    0    0    0    0    0    0    0    0    0    0    0
    0    0    0    0    0]
Wörter: rs.sinajs.cn:99 , Vorhersage: variabel, Werte: [0.99994457], [0.9999956], [1.], [1.], [1.], [1.], [1.], [1.]
Wörter: open through proxy , Vorhersage: statisch, Werte: [-0.9999968], [-0.9999995], [-1.], [-1.], [-1.], [-1.]
Wörter: proxy.cse.cuhk.edu.hk:9999 , Vorhersage: variabel, Werte: [0.9999917], [1.], [1.], [1.], [1.], [1.], [1.], [1.], [1.], [0.99999964], [1.], [0.99999446]
Wörter: https, Vorhersage: statisch, Werte: [-1.]

Log: pic9.zhimg.com:999 close, 9999 bytes (9.99 KB) sent, 9999 bytes (9.99 KB) received, lifetime 99:99
[1574   17   15 2079   15  187   18   58    2  282   13    2   55    2
  217    2    9   17   15   54    2  219   10    2  285   13    2   55
    2  217    2    9   17   15   54    2  219   10    2  220   13    2
  288    2   54   18   54    0    0    0    0    0    0    0    0    0
    0    0    0    0    0    0    0    0    0    0    0    0    0    0
    0    0    0    0    0    0    0    0    0    0    0    0    0    0
    0    0    0    0    0    0    0    0    0    0    0    0    0    0
    0    0    0    0    0    0    0    0    0    0    0    0    0    0
    0    0    0    0    0    0    0    0    0    0    0    0    0    0
    0    0    0    0    0    0    0    0    0    0    0    0    0    0
    0    0    0    0    0    0    0    0    0    0    0    0    0    0
    0    0    0    0    0    0    0    0    0    0    0    0    0    0
    0    0    0    0    0]
Wörter: pic9.zhimg.com:999 , Vorhersage: variabel, Werte: [0.9999923], [1.], [1.], [1.], [1.], [1.], [1.], [1.], [1.]
Wörter: close, , Vorhersage: statisch, Werte: [-0.99999964], [-1.], [-1.]
Wörter: 9999 , Vorhersage: variabel, Werte: [0.99998945], [0.99999064]
Wörter: bytes , Vorhersage: statisch, Werte: [-1.], [-1.]
Wörter: (9.99 kb) , Vorhersage: variabel, Werte: [0.9999724], [1.], [1.], [1.], [1.], [0.99999833], [1.], [0.9999954]
Wörter: sent, , Vorhersage: statisch, Werte: [-1.], [-1.], [-1.]
Wörter: 9999 , Vorhersage: variabel, Werte: [0.99998516], [0.99999565]
Wörter: bytes , Vorhersage: statisch, Werte: [-1.], [-1.]
Wörter: (9.99 kb) , Vorhersage: variabel, Werte: [0.99998194], [1.], [1.], [1.], [1.], [0.9999992], [1.], [0.99999803]
Wörter: received, lifetime , Vorhersage: statisch, Werte: [-1.], [-1.], [-1.], [-1.], [-1.]
Wörter: 99:99, Vorhersage: variabel, Werte: [1.], [1.], [1.]

Log: ping9.teamviewer.com:999 (IPv9) error : Could not connect through proxy proxy.cse.cuhk.edu.hk:9999 - Proxy server cannot establish a connection with the target, status code 999
[2057   17   15 1802   15  187   18   58    2    9 2104   17   10    2
  224    2   18    2  462    2  103    2  380    2  264    2  193    2
  193   15  246   15  248   15  235   15  188   18   55    2   14    2
  193    2  583    2  767    2  825    2   27    2  452    2  582    2
  135    2  720   13    2  436    2  489    2   58    0    0    0    0
    0    0    0    0    0    0    0    0    0    0    0    0    0    0
    0    0    0    0    0    0    0    0    0    0    0    0    0    0
    0    0    0    0    0    0    0    0    0    0    0    0    0    0
    0    0    0    0    0    0    0    0    0    0    0    0    0    0
    0    0    0    0    0    0    0    0    0    0    0    0    0    0
    0    0    0    0    0    0    0    0    0    0    0    0    0    0
    0    0    0    0    0    0    0    0    0    0    0    0    0    0
    0    0    0    0    0]
Wörter: ping9.teamviewer.com:999 (ipv9) , Vorhersage: variabel, Werte: [0.9999981], [1.], [1.], [1.], [1.], [1.], [1.], [1.], [1.], [0.9998105], [0.9998604], [1.], [0.9999979], [0.9999949]
Wörter: error : could not connect through proxy , Vorhersage: statisch, Werte: [-0.999699], [-0.9999556], [-0.99994886], [-0.9999843], [-0.9999669], [-0.99999833], [-1.], [-1.], [-1.], [-1.], [-1.], [-1.], [-1.], [-1.]
Wörter: proxy.cse.cuhk.edu.hk:9999 , Vorhersage: variabel, Werte: [0.9999938], [1.], [1.], [1.], [1.], [1.], [1.], [1.], [1.], [1.], [1.], [1.]
Wörter: - proxy server cannot establish a connection with the target, status code , Vorhersage: statisch, Werte: [-1.], [-1.], [-0.99999964], [-1.], [-1.], [-1.], [-1.], [-1.], [-1.], [-1.], [-1.], [-1.], [-1.], [-1.], [-1.], [-1.], [-1.], [-1.], [-1.], [-1.], [-1.], [-0.99976754], [-0.99997205], [-0.99999404], [-0.99999875]
Wörter: 999, Vorhersage: variabel, Werte: [0.99999785]

Log: Component State Change: Component \999alt9\999 is in the unavailable state (HWID=9999)
[331   2 278   2 382  18   2 331   2  23  58 608  17  23  58   2 200   2
  63   2 135   2 384   2 278   2   9 417  20  55  10   0   0   0   0   0
   0   0   0   0   0   0   0   0   0   0   0   0   0   0   0   0   0   0
   0   0   0   0   0   0   0   0   0   0   0   0   0   0   0   0   0   0
   0   0   0   0   0   0   0   0   0   0   0   0   0   0   0   0   0   0
   0   0   0   0   0   0   0   0   0   0   0   0   0   0   0   0   0   0
   0   0   0   0   0   0   0   0   0   0   0   0   0   0   0   0   0   0
   0   0   0   0   0   0   0   0   0   0   0   0   0   0   0   0   0   0
   0   0   0   0   0   0   0   0   0   0   0   0   0   0   0   0   0   0
   0   0   0   0   0   0   0   0   0   0   0]
Wörter: component state change: component , Vorhersage: statisch, Werte: [-0.99999344], [-0.9999982], [-0.99999785], [-1.], [-1.], [-1.], [-1.], [-0.99999833], [-0.999999]
Wörter: \999alt9\999 , Vorhersage: variabel, Werte: [1.], [1.], [1.], [1.], [1.], [1.], [1.]
Wörter: is in the unavailable state , Vorhersage: statisch, Werte: [-1.], [-1.], [-1.], [-1.], [-1.], [-1.], [-0.9999347], [-0.9999979], [-0.99994284], [-0.99999684]
Wörter: (hwid=9999), Vorhersage: variabel, Werte: [0.99982977], [1.], [1.], [1.], [0.9999944]

Log: unix.hw state_change.unavailable 9999999999 9 Component State Change: Component \999alt9\999 is in the unavailable state (HWID=9999)
[510  15 504   2 278  25 382  15 384   2 302   2  17   2 331   2 278   2
 382  18   2 331   2  23  58 608  17  23  58   2 200   2  63   2 135   2
 384   2 278   2   9 417  20  55  10   0   0   0   0   0   0   0   0   0
   0   0   0   0   0   0   0   0   0   0   0   0   0   0   0   0   0   0
   0   0   0   0   0   0   0   0   0   0   0   0   0   0   0   0   0   0
   0   0   0   0   0   0   0   0   0   0   0   0   0   0   0   0   0   0
   0   0   0   0   0   0   0   0   0   0   0   0   0   0   0   0   0   0
   0   0   0   0   0   0   0   0   0   0   0   0   0   0   0   0   0   0
   0   0   0   0   0   0   0   0   0   0   0   0   0   0   0   0   0   0
   0   0   0   0   0   0   0   0   0   0   0]
Wörter: unix.hw state_change.unavailable 9999999999 9 , Vorhersage: variabel, Werte: [0.9999567], [0.99993545], [0.9998476], [0.9999335], [0.9944524], [0.9998457], [0.99707943], [0.99766546], [1.], [1.], [0.99999946], [0.99999964], [1.], [0.9999991]
Wörter: component state change: component , Vorhersage: statisch, Werte: [-1.], [-1.], [-1.], [-1.], [-1.], [-1.], [-1.], [-0.99999815], [-0.9999987]
Wörter: \999alt9\999 , Vorhersage: variabel, Werte: [1.], [1.], [1.], [1.], [1.], [1.], [1.]
Wörter: is in the unavailable state , Vorhersage: statisch, Werte: [-1.], [-1.], [-1.], [-1.], [-1.], [-1.], [-0.99993354], [-0.9999979], [-0.9999419], [-0.9999969]
Wörter: (hwid=9999), Vorhersage: variabel, Werte: [0.99983007], [1.], [1.], [1.], [0.99999434]

Log: node-999 node status 9999999999 9 configured out
[  68   14   58    2   68    2  436    2  302    2   17    2 1457    2
  595    0    0    0    0    0    0    0    0    0    0    0    0    0
    0    0    0    0    0    0    0    0    0    0    0    0    0    0
    0    0    0    0    0    0    0    0    0    0    0    0    0    0
    0    0    0    0    0    0    0    0    0    0    0    0    0    0
    0    0    0    0    0    0    0    0    0    0    0    0    0    0
    0    0    0    0    0    0    0    0    0    0    0    0    0    0
    0    0    0    0    0    0    0    0    0    0    0    0    0    0
    0    0    0    0    0    0    0    0    0    0    0    0    0    0
    0    0    0    0    0    0    0    0    0    0    0    0    0    0
    0    0    0    0    0    0    0    0    0    0    0    0    0    0
    0    0    0    0    0    0    0    0    0    0    0    0    0    0
    0    0    0    0    0]
Wörter: node-999 node status 9999999999 9 , Vorhersage: variabel, Werte: [0.9996555], [0.99958307], [0.9999995], [0.99999124], [0.99785817], [0.9990313], [1.], [1.], [1.], [1.], [1.], [1.]
Wörter: configured out, Vorhersage: statisch, Werte: [-0.99986386], [-0.9999911], [-0.9999905]

Log: My election bind port: 9.9.9.9/9.9.9.9:9999
[2052    2 1380  269  131    2  867   30    2 1004   18    2   17   15
   17   15   17   15   17   16   17   15   17   15   17   15   17   18
   55    0    0    0    0    0    0    0    0    0    0    0    0    0
    0    0    0    0    0    0    0    0    0    0    0    0    0    0
    0    0    0    0    0    0    0    0    0    0    0    0    0    0
    0    0    0    0    0    0    0    0    0    0    0    0    0    0
    0    0    0    0    0    0    0    0    0    0    0    0    0    0
    0    0    0    0    0    0    0    0    0    0    0    0    0    0
    0    0    0    0    0    0    0    0    0    0    0    0    0    0
    0    0    0    0    0    0    0    0    0    0    0    0    0    0
    0    0    0    0    0    0    0    0    0    0    0    0    0    0
    0    0    0    0    0    0    0    0    0    0    0    0    0    0
    0    0    0    0    0]
Wörter: my elect, Vorhersage: variabel, Werte: [0.7328736], [0.43308768], [0.64623404], [0.26331186]
Wörter: ion , Vorhersage: statisch, Werte: [-0.36638203], [-0.404744]
Wörter: bind port: 9.9.9.9/9.9.9.9:9999, Vorhersage: variabel, Werte: [0.9686827], [0.9929389], [0.97569025], [0.58270055], [0.3756515], [0.85201424], [1.], [1.], [1.], [1.], [1.], [1.], [1.], [1.], [1.], [1.], [1.], [1.], [1.], [1.], [1.], [1.], [1.]

Log: Closed socket connection for client /99.99.99.99:99999 which had sessionid 9x99f9a99999b999e
[1130    2 1430    2  452    2  341    2  770    2   16   54   15   54
   15   54   15   54   18   65    2 1058   70    2   34  142    2   62
   89  131   91    2   17   50   54   32   17   27   65   28   58   31
    0    0    0    0    0    0    0    0    0    0    0    0    0    0
    0    0    0    0    0    0    0    0    0    0    0    0    0    0
    0    0    0    0    0    0    0    0    0    0    0    0    0    0
    0    0    0    0    0    0    0    0    0    0    0    0    0    0
    0    0    0    0    0    0    0    0    0    0    0    0    0    0
    0    0    0    0    0    0    0    0    0    0    0    0    0    0
    0    0    0    0    0    0    0    0    0    0    0    0    0    0
    0    0    0    0    0    0    0    0    0    0    0    0    0    0
    0    0    0    0    0    0    0    0    0    0    0    0    0    0
    0    0    0    0    0]
Wörter: closed socket connection for client , Vorhersage: statisch, Werte: [-1.], [-1.], [-1.], [-1.], [-1.], [-1.], [-1.], [-1.], [-0.9999956], [-0.99999964]
Wörter: /99.99.99.99:99999 , Vorhersage: variabel, Werte: [0.9999615], [1.], [1.], [1.], [1.], [1.], [1.], [1.], [1.], [1.], [1.]
Wörter: which had sessionid , Vorhersage: statisch, Werte: [-0.99952716], [-0.9992529], [-0.99954355], [-0.9996074], [-0.999417], [-0.99993855], [-0.9993773], [-0.9990541], [-0.9992115], [-0.999932], [-0.9999901]
Wörter: 9x99f9a99999b999e, Vorhersage: variabel, Werte: [1.], [1.], [1.], [1.], [1.], [1.], [1.], [1.], [1.], [1.]

Log: caught end of stream exception
[1193    2  829    2  134    2  930    2  481    0    0    0    0    0
    0    0    0    0    0    0    0    0    0    0    0    0    0    0
    0    0    0    0    0    0    0    0    0    0    0    0    0    0
    0    0    0    0    0    0    0    0    0    0    0    0    0    0
    0    0    0    0    0    0    0    0    0    0    0    0    0    0
    0    0    0    0    0    0    0    0    0    0    0    0    0    0
    0    0    0    0    0    0    0    0    0    0    0    0    0    0
    0    0    0    0    0    0    0    0    0    0    0    0    0    0
    0    0    0    0    0    0    0    0    0    0    0    0    0    0
    0    0    0    0    0    0    0    0    0    0    0    0    0    0
    0    0    0    0    0    0    0    0    0    0    0    0    0    0
    0    0    0    0    0    0    0    0    0    0    0    0    0    0
    0    0    0    0    0]
Wörter: caught end of , Vorhersage: statisch, Werte: [-0.9993361], [-0.99994105], [-0.9999351], [-0.9999968], [-0.9808615], [-0.99992096]
Wörter: stream, Vorhersage: variabel, Werte: [0.36650145]
Wörter:  exception, Vorhersage: statisch, Werte: [-0.85202634], [-0.9451768]
Model: "sequential"
┏━━━━━━━━━━━━━━━━━━━━━━━━━━━━━━━━━━━━━━┳━━━━━━━━━━━━━━━━━━━━━━━━━━━━━┳━━━━━━━━━━━━━━━━━┓
┃ Layer (type)                         ┃ Output Shape                ┃         Param # ┃
┡━━━━━━━━━━━━━━━━━━━━━━━━━━━━━━━━━━━━━━╇━━━━━━━━━━━━━━━━━━━━━━━━━━━━━╇━━━━━━━━━━━━━━━━━┩
│ embedding (Embedding)                │ (None, 173, 64)             │         272,128 │
├──────────────────────────────────────┼─────────────────────────────┼─────────────────┤
│ bidirectional (Bidirectional)        │ (None, 173, 256)            │         148,992 │
├──────────────────────────────────────┼─────────────────────────────┼─────────────────┤
│ time_distributed (TimeDistributed)   │ (None, 173, 128)            │          32,896 │
├──────────────────────────────────────┼─────────────────────────────┼─────────────────┤
│ dropout (Dropout)                    │ (None, 173, 128)            │               0 │
├──────────────────────────────────────┼─────────────────────────────┼─────────────────┤
│ time_distributed_1 (TimeDistributed) │ (None, 173, 1)              │             129 │
└──────────────────────────────────────┴─────────────────────────────┴─────────────────┘
 Total params: 1,362,437 (5.20 MB)
 Trainable params: 454,145 (1.73 MB)
 Non-trainable params: 0 (0.00 B)
 Optimizer params: 908,292 (3.46 MB)

Training auf folgende Datei: Datensätze/Vorbereitete Daten/bgl_v1/unique_data/content_list_bgl_unique.txt
Total Trainings-Loss: [0.014629692770540714, 0.0019603469409048557, 0.0011986326426267624, 0.0009393371292389929, 0.0006930952658876777, 0.000526015879586339, 0.0004570217861328274, 0.00035832292633131146, 0.0003472405660431832, 0.0002853398909792304]
Total Trainings-Accuracy: [0.91649329662323, 0.9234410524368286, 0.9235798120498657, 0.9236640334129333, 0.9237497448921204, 0.9237983226776123, 0.9238229393959045, 0.9238544702529907, 0.9238551259040833, 0.9238674640655518]
Total Validierungs-Loss: [0.002700741169974208, 0.0017603584565222263, 0.001347991288639605, 0.0011205347254872322, 0.0015647057443857193, 0.001146396272815764, 0.0010834740241989493, 0.0007617516093887389, 0.0007648200844414532, 0.0006201376090757549]
Total Validierungs-Accuracy: [0.9233341813087463, 0.9236493110656738, 0.9237240552902222, 0.9238564968109131, 0.9239728450775146, 0.9237942099571228, 0.9240067005157471, 0.9239128232002258, 0.9239296913146973, 0.9239875674247742]
