Loss: 0.007122886832803488, Accuracy: 0.9627798199653625
[ 13   2 247   2 138  38   6  38   7   2 190   2 198   2 205   2 200   2
 261  30   2  13   9   2 294   2  13   9   2  21 241   2  13   0   0   0
   0   0   0   0   0   0   0   0   0   0   0   0   0   0   0   0   0   0
   0   0   0   0   0   0   0   0   0   0   0   0   0   0   0   0   0   0
   0   0   0   0   0   0   0   0   0   0   0   0   0   0   0   0   0   0
   0   0   0   0   0   0   0   0   0   0   0   0   0   0   0   0   0   0
   0   0   0   0   0   0   0   0   0   0   0   0   0   0   0   0   0   0
   0   0   0   0   0   0   0   0   0   0   0   0   0   0   0   0   0   0
   0   0   0   0   0   0   0   0   0   0   0   0   0   0   0   0   0   0
   0   0   0   0   0   0   0   0   0   0   0   0   0   0   0   0   0   0
   0   0   0   0   0   0   0   0   0   0   0   0   0   0   0   0   0   0
   0   0   0   0   0   0   0   0   0   0   0   0   0   0   0   0   0   0
   0   0   0   0   0   0   0   0   0   0   0   0   0   0   0   0   0   0
   0   0   0   0   0   0   0   0   0   0   0   0   0   0   0   0   0   0
   0   0   0   0   0   0   0   0   0   0   0   0   0   0   0   0]
Wörter: 9  , Vorhersage: variabel, Wert: [0.8294333]
Wörter: ddr   error s ( s )   detected   and   corrected   on   ran k  , Vorhersage: statisch, Wert: [-0.9891989]
Wörter: 9 ,  , Vorhersage: variabel, Wert: [0.8294333]
Wörter: symbol  , Vorhersage: statisch, Wert: [-0.9768363]
Wörter: 9 ,   b it   9, Vorhersage: variabel, Wert: [0.8294333]
[265   2 193  93  24   2  75  28  99   2 138   2 205   0   0   0   0   0
   0   0   0   0   0   0   0   0   0   0   0   0   0   0   0   0   0   0
   0   0   0   0   0   0   0   0   0   0   0   0   0   0   0   0   0   0
   0   0   0   0   0   0   0   0   0   0   0   0   0   0   0   0   0   0
   0   0   0   0   0   0   0   0   0   0   0   0   0   0   0   0   0   0
   0   0   0   0   0   0   0   0   0   0   0   0   0   0   0   0   0   0
   0   0   0   0   0   0   0   0   0   0   0   0   0   0   0   0   0   0
   0   0   0   0   0   0   0   0   0   0   0   0   0   0   0   0   0   0
   0   0   0   0   0   0   0   0   0   0   0   0   0   0   0   0   0   0
   0   0   0   0   0   0   0   0   0   0   0   0   0   0   0   0   0   0
   0   0   0   0   0   0   0   0   0   0   0   0   0   0   0   0   0   0
   0   0   0   0   0   0   0   0   0   0   0   0   0   0   0   0   0   0
   0   0   0   0   0   0   0   0   0   0   0   0   0   0   0   0   0   0
   0   0   0   0   0   0   0   0   0   0   0   0   0   0   0   0   0   0
   0   0   0   0   0   0   0   0   0   0   0   0   0   0   0   0]
Wörter: instruction   ca ch e   par i ty   error   corrected, Vorhersage: statisch, Wert: [-0.9427172]
[ 39 250 153   2 102   2  46   2 247   2 138   6  38   7   2 190   2 198
   2 205   0   0   0   0   0   0   0   0   0   0   0   0   0   0   0   0
   0   0   0   0   0   0   0   0   0   0   0   0   0   0   0   0   0   0
   0   0   0   0   0   0   0   0   0   0   0   0   0   0   0   0   0   0
   0   0   0   0   0   0   0   0   0   0   0   0   0   0   0   0   0   0
   0   0   0   0   0   0   0   0   0   0   0   0   0   0   0   0   0   0
   0   0   0   0   0   0   0   0   0   0   0   0   0   0   0   0   0   0
   0   0   0   0   0   0   0   0   0   0   0   0   0   0   0   0   0   0
   0   0   0   0   0   0   0   0   0   0   0   0   0   0   0   0   0   0
   0   0   0   0   0   0   0   0   0   0   0   0   0   0   0   0   0   0
   0   0   0   0   0   0   0   0   0   0   0   0   0   0   0   0   0   0
   0   0   0   0   0   0   0   0   0   0   0   0   0   0   0   0   0   0
   0   0   0   0   0   0   0   0   0   0   0   0   0   0   0   0   0   0
   0   0   0   0   0   0   0   0   0   0   0   0   0   0   0   0   0   0
   0   0   0   0   0   0   0   0   0   0   0   0   0   0   0   0]
Wörter: t ot al   of  , Vorhersage: statisch, Wert: [-0.9241936]
Wörter: 99  , Vorhersage: variabel, Wert: [0.9975342]
Wörter: ddr   error ( s )   detected   and   corrected, Vorhersage: statisch, Wert: [-0.97890615]
[ 46  11  51  11  13  11  13  14  72   2  77 104   2  21 136 297   2  21
  31  30  19  10  76  13   2  39  34   2  12  46  11  51  11  13  11  13
   0   0   0   0   0   0   0   0   0   0   0   0   0   0   0   0   0   0
   0   0   0   0   0   0   0   0   0   0   0   0   0   0   0   0   0   0
   0   0   0   0   0   0   0   0   0   0   0   0   0   0   0   0   0   0
   0   0   0   0   0   0   0   0   0   0   0   0   0   0   0   0   0   0
   0   0   0   0   0   0   0   0   0   0   0   0   0   0   0   0   0   0
   0   0   0   0   0   0   0   0   0   0   0   0   0   0   0   0   0   0
   0   0   0   0   0   0   0   0   0   0   0   0   0   0   0   0   0   0
   0   0   0   0   0   0   0   0   0   0   0   0   0   0   0   0   0   0
   0   0   0   0   0   0   0   0   0   0   0   0   0   0   0   0   0   0
   0   0   0   0   0   0   0   0   0   0   0   0   0   0   0   0   0   0
   0   0   0   0   0   0   0   0   0   0   0   0   0   0   0   0   0   0
   0   0   0   0   0   0   0   0   0   0   0   0   0   0   0   0   0   0
   0   0   0   0   0   0   0   0   0   0   0   0   0   0   0   0]
Wörter: 99 . 999 . 9 . 9 : 99999  , Vorhersage: variabel, Wert: [0.9998471]
Wörter: serv ed   b lo ck, Vorhersage: statisch, Wert: [-0.7383504]
Wörter:   b l k _ - 9999999999999999 9   t o   / 99 . 999 . 9 . 9, Vorhersage: variabel, Wert: [0.99792296]
[ 21 136 297   2  33  20 162  63 140  24  32  11 153 136  22  59 188 136
 297  14   2  12  32 268  12  27  20  88  34  35  12 154 100  23  12  63
 140  24  32  12  29  34  21  19  49  47  19  47  12  29  34  21  11  29
  54  11   2  21  31  30  19  76  51   0   0   0   0   0   0   0   0   0
   0   0   0   0   0   0   0   0   0   0   0   0   0   0   0   0   0   0
   0   0   0   0   0   0   0   0   0   0   0   0   0   0   0   0   0   0
   0   0   0   0   0   0   0   0   0   0   0   0   0   0   0   0   0   0
   0   0   0   0   0   0   0   0   0   0   0   0   0   0   0   0   0   0
   0   0   0   0   0   0   0   0   0   0   0   0   0   0   0   0   0   0
   0   0   0   0   0   0   0   0   0   0   0   0   0   0   0   0   0   0
   0   0   0   0   0   0   0   0   0   0   0   0   0   0   0   0   0   0
   0   0   0   0   0   0   0   0   0   0   0   0   0   0   0   0   0   0
   0   0   0   0   0   0   0   0   0   0   0   0   0   0   0   0   0   0
   0   0   0   0   0   0   0   0   0   0   0   0   0   0   0   0   0   0
   0   0   0   0   0   0   0   0   0   0   0   0   0   0   0   0]
Wörter: b lo ck   n a me sy st, Vorhersage: statisch, Wert: [-0.96346235]
Wörter: e m . al lo c, Vorhersage: variabel, Wert: [0.13445286]
Wörter: at eb lo ck, Vorhersage: statisch, Wert: [-0.9237273]
Wörter: :   / m nt / h a do o p / ma pre d / sy st e m / j o b _ 99999999 9999 _ 9999 / j o b . j ar .   b l k _ 9999999999999999 999, Vorhersage: variabel, Wert: [0.49194163]
[ 46  11  51  11  46  11  51  14  72   2 140  54 123   2 209  69 128   2
  39  34   2  39 261  38  25  55   2  21 136 297   2  21  31  30  19  10
  76  51   2  39  34   2  46  11  51  11  51  11  51  14  72   9   2  46
  11  51  11  46  11  51  14  72   0   0   0   0   0   0   0   0   0   0
   0   0   0   0   0   0   0   0   0   0   0   0   0   0   0   0   0   0
   0   0   0   0   0   0   0   0   0   0   0   0   0   0   0   0   0   0
   0   0   0   0   0   0   0   0   0   0   0   0   0   0   0   0   0   0
   0   0   0   0   0   0   0   0   0   0   0   0   0   0   0   0   0   0
   0   0   0   0   0   0   0   0   0   0   0   0   0   0   0   0   0   0
   0   0   0   0   0   0   0   0   0   0   0   0   0   0   0   0   0   0
   0   0   0   0   0   0   0   0   0   0   0   0   0   0   0   0   0   0
   0   0   0   0   0   0   0   0   0   0   0   0   0   0   0   0   0   0
   0   0   0   0   0   0   0   0   0   0   0   0   0   0   0   0   0   0
   0   0   0   0   0   0   0   0   0   0   0   0   0   0   0   0   0   0
   0   0   0   0   0   0   0   0   0   0   0   0   0   0   0   0]
Wörter: 99 . 999 . 99 . 999 : 99999   st ar, Vorhersage: variabel, Wert: [0.99994624]
Wörter: ting, Vorhersage: statisch, Wert: [-0.01035442]
Wörter:  , Vorhersage: variabel, Wert: [0.9970079]
Wörter: th re ad   t o   t ran s, Vorhersage: statisch, Wert: [-0.7346769]
Wörter: f er   b lo ck   b l k _ - 9999999999999999 999   t o   99 . 999 . 999 . 999 : 99999 ,   99 . 999 . 99 . 999 : 99999, Vorhersage: variabel, Wert: [0.26727423]
[ 37  38  11  38  67  20  29  38  11  22  33  14  46   2  34  98  33   2
 209 135  40  26  27   2 145  43  44   2 145  43  44  11  22 231  11  22
  40  27  30  11 104  40  11  27  30  14  47   2  27  39  39  35  38   0
   0   0   0   0   0   0   0   0   0   0   0   0   0   0   0   0   0   0
   0   0   0   0   0   0   0   0   0   0   0   0   0   0   0   0   0   0
   0   0   0   0   0   0   0   0   0   0   0   0   0   0   0   0   0   0
   0   0   0   0   0   0   0   0   0   0   0   0   0   0   0   0   0   0
   0   0   0   0   0   0   0   0   0   0   0   0   0   0   0   0   0   0
   0   0   0   0   0   0   0   0   0   0   0   0   0   0   0   0   0   0
   0   0   0   0   0   0   0   0   0   0   0   0   0   0   0   0   0   0
   0   0   0   0   0   0   0   0   0   0   0   0   0   0   0   0   0   0
   0   0   0   0   0   0   0   0   0   0   0   0   0   0   0   0   0   0
   0   0   0   0   0   0   0   0   0   0   0   0   0   0   0   0   0   0
   0   0   0   0   0   0   0   0   0   0   0   0   0   0   0   0   0   0
   0   0   0   0   0   0   0   0   0   0   0   0   0   0   0   0]
Wörter: r s . s in a j s . c n :, Vorhersage: statisch, Wert: [-0.60113794]
Wörter: 99  , Vorhersage: variabel, Wert: [0.973514]
Wörter: o pe n   th ro u g h   pro x y   pro, Vorhersage: statisch, Wert: [-0.8863591]
Wörter: x y ., Vorhersage: variabel, Wert: [-0.89082354]
Wörter: c, Vorhersage: statisch, Wert: [-0.93297493]
Wörter: se ., Vorhersage: variabel, Wert: [0.6183704]
Wörter: c, Vorhersage: statisch, Wert: [-0.93297493]
Wörter: u, Vorhersage: variabel, Wert: [-0.963272]
Wörter: h, Vorhersage: statisch, Wert: [-0.9814675]
Wörter: k, Vorhersage: variabel, Wert: [0.29040056]
Wörter: . ed, Vorhersage: statisch, Wert: [-0.80939704]
Wörter: u, Vorhersage: variabel, Wert: [-0.963272]
Wörter: . h k, Vorhersage: statisch, Wert: [-0.80939704]
Wörter: : 9999   h t t p, Vorhersage: variabel, Wert: [-0.8085555]
Wörter: s, Vorhersage: statisch, Wert: [-0.7851352]
[ 35  28  22  13  11  45  27  28  32  26  11 242  32  14  51   2  22 136
 231   9   2  47   2 257 151  38   2   6  13  11  46   2  30  21   7   2
 231 268   9   2  47   2 257 151  38   2   6  13  11  46   2  30  21   7
   2 281 230 104   9   2  31  28 187  39  28 162   2  46  14  46   0   0
   0   0   0   0   0   0   0   0   0   0   0   0   0   0   0   0   0   0
   0   0   0   0   0   0   0   0   0   0   0   0   0   0   0   0   0   0
   0   0   0   0   0   0   0   0   0   0   0   0   0   0   0   0   0   0
   0   0   0   0   0   0   0   0   0   0   0   0   0   0   0   0   0   0
   0   0   0   0   0   0   0   0   0   0   0   0   0   0   0   0   0   0
   0   0   0   0   0   0   0   0   0   0   0   0   0   0   0   0   0   0
   0   0   0   0   0   0   0   0   0   0   0   0   0   0   0   0   0   0
   0   0   0   0   0   0   0   0   0   0   0   0   0   0   0   0   0   0
   0   0   0   0   0   0   0   0   0   0   0   0   0   0   0   0   0   0
   0   0   0   0   0   0   0   0   0   0   0   0   0   0   0   0   0   0
   0   0   0   0   0   0   0   0   0   0   0   0   0   0   0   0]
Wörter: p, Vorhersage: variabel, Wert: [0.4431301]
Wörter: i c, Vorhersage: statisch, Wert: [-0.07927833]
Wörter: 9 . z h i m g . co m : 999   c lo se ,   9999   by te s   ( 9 . 99   k b )   se, Vorhersage: variabel, Wert: [0.98802406]
Wörter: nt, Vorhersage: statisch, Wert: [-0.8612533]
Wörter: ,   9999  , Vorhersage: variabel, Wert: [0.9958862]
Wörter: by, Vorhersage: statisch, Wert: [0.1616129]
Wörter: te, Vorhersage: variabel, Wert: [0.70876193]
Wörter: s, Vorhersage: statisch, Wert: [0.4533249]
Wörter:   ( 9 . 99   k b )   rece, Vorhersage: variabel, Wert: [0.9928557]
Wörter: iv ed, Vorhersage: statisch, Wert: [-0.8988426]
Wörter: ,  , Vorhersage: variabel, Wert: [0.9958862]
Wörter: l i fe t, Vorhersage: statisch, Wert: [-0.18974759]
Wörter: i me   99 : 99, Vorhersage: variabel, Wert: [-0.07927833]
[ 35  83  13  11  39 150  32  41  28  24  42  55  11 242  32  14  51   2
   6 292  41  13   7   2 138   2  14   2 242  40  31  23   2 158   2 279
 208  62   2 209 135  40  26  27   2 145  43  44   2 145  43  44  11  22
 231  11  22  40  27  30  11 104  40  11  27  30  14  47   2  10   2 145
  43  44   2  77  55   2 193  33 158   2  24 140 174  31  28 111   2  20
   2 279 208  95   2  42  28 209   2 287   2  39  54 178  39   9   2 246
 210   2 242  81   2  51   0   0   0   0   0   0   0   0   0   0   0   0
   0   0   0   0   0   0   0   0   0   0   0   0   0   0   0   0   0   0
   0   0   0   0   0   0   0   0   0   0   0   0   0   0   0   0   0   0
   0   0   0   0   0   0   0   0   0   0   0   0   0   0   0   0   0   0
   0   0   0   0   0   0   0   0   0   0   0   0   0   0   0   0   0   0
   0   0   0   0   0   0   0   0   0   0   0   0   0   0   0   0   0   0
   0   0   0   0   0   0   0   0   0   0   0   0   0   0   0   0   0   0
   0   0   0   0   0   0   0   0   0   0   0   0   0   0   0   0   0   0
   0   0   0   0   0   0   0   0   0   0   0   0   0   0   0   0]
Wörter: p ing, Vorhersage: statisch, Wert: [-0.48218527]
Wörter: 9 . t ea m v i e w er . co m : 999  , Vorhersage: variabel, Wert: [0.9728707]
Wörter: ( ip v, Vorhersage: statisch, Wert: [-0.20628549]
Wörter: 9 )  , Vorhersage: variabel, Wert: [0.9728707]
Wörter: error   :   co u l d   not   con ne ct   th ro u g h   pro x y   pro x, Vorhersage: statisch, Wert: [-0.9068733]
Wörter: y, Vorhersage: variabel, Wert: [-0.9636049]
Wörter: . c se . c u h k . ed u . h k :, Vorhersage: statisch, Wert: [0.8546467]
Wörter: 9999, Vorhersage: variabel, Wert: [0.42117205]
Wörter:   -   pro x y   serv er   ca n not   e st ab l i sh   a   con ne ction   w i th   the   t ar ge t ,   stat us   co de  , Vorhersage: statisch, Wert: [0.9811081]
Wörter: 999, Vorhersage: variabel, Wert: [0.9958656]
Model: "sequential"
┏━━━━━━━━━━━━━━━━━━━━━━━━━━━━━━━━━━━━━━┳━━━━━━━━━━━━━━━━━━━━━━━━━━━━━┳━━━━━━━━━━━━━━━━━┓
┃ Layer (type)                         ┃ Output Shape                ┃         Param # ┃
┡━━━━━━━━━━━━━━━━━━━━━━━━━━━━━━━━━━━━━━╇━━━━━━━━━━━━━━━━━━━━━━━━━━━━━╇━━━━━━━━━━━━━━━━━┩
│ embedding (Embedding)                │ (None, 268, 64)             │          19,264 │
├──────────────────────────────────────┼─────────────────────────────┼─────────────────┤
│ bidirectional (Bidirectional)        │ (None, 268, 256)            │         148,992 │
├──────────────────────────────────────┼─────────────────────────────┼─────────────────┤
│ time_distributed (TimeDistributed)   │ (None, 268, 128)            │          32,896 │
├──────────────────────────────────────┼─────────────────────────────┼─────────────────┤
│ dropout (Dropout)                    │ (None, 268, 128)            │               0 │
├──────────────────────────────────────┼─────────────────────────────┼─────────────────┤
│ time_distributed_1 (TimeDistributed) │ (None, 268, 1)              │             129 │
└──────────────────────────────────────┴─────────────────────────────┴─────────────────┘
 Total params: 603,845 (2.30 MB)
 Trainable params: 201,281 (786.25 KB)
 Non-trainable params: 0 (0.00 B)
 Optimizer params: 402,564 (1.54 MB)

Training auf folgende Datei: Datensätze/Vorbereitete Daten - Beispiel/bgl_v1/unique_data/content_list_bgl_unique.txt
Total Trainings-Loss: [0.07604024559259415, 0.021143995225429535, 0.012571372091770172, 0.009449485689401627, 0.007955671288073063, 0.006922696717083454, 0.006242130883038044, 0.005467255134135485, 0.004921486601233482, 0.004124247003346682]
Total Trainings-Accuracy: [0.9155038595199585, 0.9567374587059021, 0.9599883556365967, 0.9611426591873169, 0.9615717530250549, 0.9619612693786621, 0.9622854590415955, 0.9624906182289124, 0.9627472758293152, 0.9628311991691589]
Total Validierungs-Loss: [0.027897996827960014, 0.014098115265369415, 0.01038443949073553, 0.009123901836574078, 0.008294608443975449, 0.008288966491818428, 0.007899589836597443, 0.007793334778398275, 0.007219543680548668, 0.00712292967364192]
Total Validierungs-Accuracy: [0.9547854065895081, 0.9605317115783691, 0.9613713026046753, 0.9616697430610657, 0.962117612361908, 0.9626958966255188, 0.9620522260665894, 0.9628918170928955, 0.9625465869903564, 0.9627799391746521]
