Loss: 0.0068298932164907455, Accuracy: 0.9628451466560364
[ 13   2 247   2 138  38   6  38   7   2 190   2 198   2 205   2 200   2
 261  30   2  13   9   2 294   2  13   9   2  21 241   2  13   0   0   0
   0   0   0   0   0   0   0   0   0   0   0   0   0   0   0   0   0   0
   0   0   0   0   0   0   0   0   0   0   0   0   0   0   0   0   0   0
   0   0   0   0   0   0   0   0   0   0   0   0   0   0   0   0   0   0
   0   0   0   0   0   0   0   0   0   0   0   0   0   0   0   0   0   0
   0   0   0   0   0   0   0   0   0   0   0   0   0   0   0   0   0   0
   0   0   0   0   0   0   0   0   0   0   0   0   0   0   0   0   0   0
   0   0   0   0   0   0   0   0   0   0   0   0   0   0   0   0   0   0
   0   0   0   0   0   0   0   0   0   0   0   0   0   0   0   0   0   0
   0   0   0   0   0   0   0   0   0   0   0   0   0   0   0   0   0   0
   0   0   0   0   0   0   0   0   0   0   0   0   0   0   0   0   0   0
   0   0   0   0   0   0   0   0   0   0   0   0   0   0   0   0   0   0
   0   0   0   0   0   0   0   0   0   0   0   0   0   0   0   0   0   0
   0   0   0   0   0   0   0   0   0   0   0   0   0   0   0   0]
Wörter: 9 , Vorhersage: variabel, Wert: [0.96946687]
Wörter: ddr errors(s) detected and corrected on rank , Vorhersage: statisch, Wert: [-0.9828026]
Wörter: 9, , Vorhersage: variabel, Wert: [0.96946687]
Wörter: symbol , Vorhersage: statisch, Wert: [-0.98319715]
Wörter: 9, bit 9, Vorhersage: variabel, Wert: [0.96946687]
[265   2 193  93  24   2  75  28  99   2 138   2 205   0   0   0   0   0
   0   0   0   0   0   0   0   0   0   0   0   0   0   0   0   0   0   0
   0   0   0   0   0   0   0   0   0   0   0   0   0   0   0   0   0   0
   0   0   0   0   0   0   0   0   0   0   0   0   0   0   0   0   0   0
   0   0   0   0   0   0   0   0   0   0   0   0   0   0   0   0   0   0
   0   0   0   0   0   0   0   0   0   0   0   0   0   0   0   0   0   0
   0   0   0   0   0   0   0   0   0   0   0   0   0   0   0   0   0   0
   0   0   0   0   0   0   0   0   0   0   0   0   0   0   0   0   0   0
   0   0   0   0   0   0   0   0   0   0   0   0   0   0   0   0   0   0
   0   0   0   0   0   0   0   0   0   0   0   0   0   0   0   0   0   0
   0   0   0   0   0   0   0   0   0   0   0   0   0   0   0   0   0   0
   0   0   0   0   0   0   0   0   0   0   0   0   0   0   0   0   0   0
   0   0   0   0   0   0   0   0   0   0   0   0   0   0   0   0   0   0
   0   0   0   0   0   0   0   0   0   0   0   0   0   0   0   0   0   0
   0   0   0   0   0   0   0   0   0   0   0   0   0   0   0   0]
Wörter: instruction cache parity error corrected, Vorhersage: statisch, Wert: [-0.9484071]
[ 39 250 153   2 102   2  46   2 247   2 138   6  38   7   2 190   2 198
   2 205   0   0   0   0   0   0   0   0   0   0   0   0   0   0   0   0
   0   0   0   0   0   0   0   0   0   0   0   0   0   0   0   0   0   0
   0   0   0   0   0   0   0   0   0   0   0   0   0   0   0   0   0   0
   0   0   0   0   0   0   0   0   0   0   0   0   0   0   0   0   0   0
   0   0   0   0   0   0   0   0   0   0   0   0   0   0   0   0   0   0
   0   0   0   0   0   0   0   0   0   0   0   0   0   0   0   0   0   0
   0   0   0   0   0   0   0   0   0   0   0   0   0   0   0   0   0   0
   0   0   0   0   0   0   0   0   0   0   0   0   0   0   0   0   0   0
   0   0   0   0   0   0   0   0   0   0   0   0   0   0   0   0   0   0
   0   0   0   0   0   0   0   0   0   0   0   0   0   0   0   0   0   0
   0   0   0   0   0   0   0   0   0   0   0   0   0   0   0   0   0   0
   0   0   0   0   0   0   0   0   0   0   0   0   0   0   0   0   0   0
   0   0   0   0   0   0   0   0   0   0   0   0   0   0   0   0   0   0
   0   0   0   0   0   0   0   0   0   0   0   0   0   0   0   0]
Wörter: total of , Vorhersage: statisch, Wert: [-0.92757386]
Wörter: 99 , Vorhersage: variabel, Wert: [0.9998237]
Wörter: ddr error(s) detected and corrected, Vorhersage: statisch, Wert: [-0.97644085]
[ 46  11  51  11  13  11  13  14  72   2  77 104   2  21 136 297   2  21
  31  30  19  10  76  13   2  39  34   2  12  46  11  51  11  13  11  13
   0   0   0   0   0   0   0   0   0   0   0   0   0   0   0   0   0   0
   0   0   0   0   0   0   0   0   0   0   0   0   0   0   0   0   0   0
   0   0   0   0   0   0   0   0   0   0   0   0   0   0   0   0   0   0
   0   0   0   0   0   0   0   0   0   0   0   0   0   0   0   0   0   0
   0   0   0   0   0   0   0   0   0   0   0   0   0   0   0   0   0   0
   0   0   0   0   0   0   0   0   0   0   0   0   0   0   0   0   0   0
   0   0   0   0   0   0   0   0   0   0   0   0   0   0   0   0   0   0
   0   0   0   0   0   0   0   0   0   0   0   0   0   0   0   0   0   0
   0   0   0   0   0   0   0   0   0   0   0   0   0   0   0   0   0   0
   0   0   0   0   0   0   0   0   0   0   0   0   0   0   0   0   0   0
   0   0   0   0   0   0   0   0   0   0   0   0   0   0   0   0   0   0
   0   0   0   0   0   0   0   0   0   0   0   0   0   0   0   0   0   0
   0   0   0   0   0   0   0   0   0   0   0   0   0   0   0   0]
Wörter: 99.999.9.9:99999 , Vorhersage: variabel, Wert: [0.99999046]
Wörter: served block , Vorhersage: statisch, Wert: [-0.9492877]
Wörter: b, Vorhersage: variabel, Wert: [-0.8793221]
Wörter: l, Vorhersage: statisch, Wert: [-0.10281873]
Wörter: k_-99999999999999999 to /99.999.9.9, Vorhersage: variabel, Wert: [0.68822825]
[ 21 136 297   2  33  20 162  63 140  24  32  11 153 136  22  59 188 136
 297  14   2  12  32 268  12  27  20  88  34  35  12 154 100  23  12  63
 140  24  32  12  29  34  21  19  49  47  19  47  12  29  34  21  11  29
  54  11   2  21  31  30  19  76  51   0   0   0   0   0   0   0   0   0
   0   0   0   0   0   0   0   0   0   0   0   0   0   0   0   0   0   0
   0   0   0   0   0   0   0   0   0   0   0   0   0   0   0   0   0   0
   0   0   0   0   0   0   0   0   0   0   0   0   0   0   0   0   0   0
   0   0   0   0   0   0   0   0   0   0   0   0   0   0   0   0   0   0
   0   0   0   0   0   0   0   0   0   0   0   0   0   0   0   0   0   0
   0   0   0   0   0   0   0   0   0   0   0   0   0   0   0   0   0   0
   0   0   0   0   0   0   0   0   0   0   0   0   0   0   0   0   0   0
   0   0   0   0   0   0   0   0   0   0   0   0   0   0   0   0   0   0
   0   0   0   0   0   0   0   0   0   0   0   0   0   0   0   0   0   0
   0   0   0   0   0   0   0   0   0   0   0   0   0   0   0   0   0   0
   0   0   0   0   0   0   0   0   0   0   0   0   0   0   0   0]
Wörter: block namesyst, Vorhersage: statisch, Wert: [-0.9319103]
Wörter: em.alloc, Vorhersage: variabel, Wert: [0.34096798]
Wörter: ateblock, Vorhersage: statisch, Wert: [-0.83811814]
Wörter: : /mnt/hadoop/mapred/system/job_999999999999_9999/job.jar. blk_9999999999999999999, Vorhersage: variabel, Wert: [0.66886]
[ 46  11  51  11  46  11  51  14  72   2 140  54 123   2 209  69 128   2
  39  34   2  39 261  38  25  55   2  21 136 297   2  21  31  30  19  10
  76  51   2  39  34   2  46  11  51  11  51  11  51  14  72   9   2  46
  11  51  11  46  11  51  14  72   0   0   0   0   0   0   0   0   0   0
   0   0   0   0   0   0   0   0   0   0   0   0   0   0   0   0   0   0
   0   0   0   0   0   0   0   0   0   0   0   0   0   0   0   0   0   0
   0   0   0   0   0   0   0   0   0   0   0   0   0   0   0   0   0   0
   0   0   0   0   0   0   0   0   0   0   0   0   0   0   0   0   0   0
   0   0   0   0   0   0   0   0   0   0   0   0   0   0   0   0   0   0
   0   0   0   0   0   0   0   0   0   0   0   0   0   0   0   0   0   0
   0   0   0   0   0   0   0   0   0   0   0   0   0   0   0   0   0   0
   0   0   0   0   0   0   0   0   0   0   0   0   0   0   0   0   0   0
   0   0   0   0   0   0   0   0   0   0   0   0   0   0   0   0   0   0
   0   0   0   0   0   0   0   0   0   0   0   0   0   0   0   0   0   0
   0   0   0   0   0   0   0   0   0   0   0   0   0   0   0   0]
Wörter: 99.999.99.999:99999 star, Vorhersage: variabel, Wert: [0.99999726]
Wörter: ting, Vorhersage: statisch, Wert: [-0.28568298]
Wörter:  , Vorhersage: variabel, Wert: [0.99993503]
Wörter: thread to transfer, Vorhersage: statisch, Wert: [-0.85403186]
Wörter:  block blk_-9999999999999999999 to 99.999.999.999:99999, 99.999.99.999:99999, Vorhersage: variabel, Wert: [0.99993503]
[ 37  38  11  38  67  20  29  38  11  22  33  14  46   2  34  98  33   2
 209 135  40  26  27   2 145  43  44   2 145  43  44  11  22 231  11  22
  40  27  30  11 104  40  11  27  30  14  47   2  27  39  39  35  38   0
   0   0   0   0   0   0   0   0   0   0   0   0   0   0   0   0   0   0
   0   0   0   0   0   0   0   0   0   0   0   0   0   0   0   0   0   0
   0   0   0   0   0   0   0   0   0   0   0   0   0   0   0   0   0   0
   0   0   0   0   0   0   0   0   0   0   0   0   0   0   0   0   0   0
   0   0   0   0   0   0   0   0   0   0   0   0   0   0   0   0   0   0
   0   0   0   0   0   0   0   0   0   0   0   0   0   0   0   0   0   0
   0   0   0   0   0   0   0   0   0   0   0   0   0   0   0   0   0   0
   0   0   0   0   0   0   0   0   0   0   0   0   0   0   0   0   0   0
   0   0   0   0   0   0   0   0   0   0   0   0   0   0   0   0   0   0
   0   0   0   0   0   0   0   0   0   0   0   0   0   0   0   0   0   0
   0   0   0   0   0   0   0   0   0   0   0   0   0   0   0   0   0   0
   0   0   0   0   0   0   0   0   0   0   0   0   0   0   0   0]
Wörter: rs.sinajs.cn:, Vorhersage: statisch, Wert: [-0.6397812]
Wörter: 99 , Vorhersage: variabel, Wert: [0.9778616]
Wörter: open through proxy prox, Vorhersage: statisch, Wert: [-0.95066434]
Wörter: y, Vorhersage: variabel, Wert: [-0.9427353]
Wörter: .c, Vorhersage: statisch, Wert: [-0.8668251]
Wörter: se, Vorhersage: variabel, Wert: [0.06692298]
Wörter: .cuhk.edu.hk:, Vorhersage: statisch, Wert: [-0.8668251]
Wörter: 9999 , Vorhersage: variabel, Wert: [0.845257]
Wörter: https, Vorhersage: statisch, Wert: [-0.99020016]
[ 35  28  22  13  11  45  27  28  32  26  11 242  32  14  51   2  22 136
 231   9   2  47   2 257 151  38   2   6  13  11  46   2  30  21   7   2
 231 268   9   2  47   2 257 151  38   2   6  13  11  46   2  30  21   7
   2 281 230 104   9   2  31  28 187  39  28 162   2  46  14  46   0   0
   0   0   0   0   0   0   0   0   0   0   0   0   0   0   0   0   0   0
   0   0   0   0   0   0   0   0   0   0   0   0   0   0   0   0   0   0
   0   0   0   0   0   0   0   0   0   0   0   0   0   0   0   0   0   0
   0   0   0   0   0   0   0   0   0   0   0   0   0   0   0   0   0   0
   0   0   0   0   0   0   0   0   0   0   0   0   0   0   0   0   0   0
   0   0   0   0   0   0   0   0   0   0   0   0   0   0   0   0   0   0
   0   0   0   0   0   0   0   0   0   0   0   0   0   0   0   0   0   0
   0   0   0   0   0   0   0   0   0   0   0   0   0   0   0   0   0   0
   0   0   0   0   0   0   0   0   0   0   0   0   0   0   0   0   0   0
   0   0   0   0   0   0   0   0   0   0   0   0   0   0   0   0   0   0
   0   0   0   0   0   0   0   0   0   0   0   0   0   0   0   0]
Wörter: p, Vorhersage: variabel, Wert: [0.21108855]
Wörter: ic, Vorhersage: statisch, Wert: [-0.16678262]
Wörter: 9.zhimg.com:999 close, 9999 , Vorhersage: variabel, Wert: [0.99779093]
Wörter: bytes, Vorhersage: statisch, Wert: [-0.82535064]
Wörter:  (9.99 k, Vorhersage: variabel, Wert: [0.99913174]
Wörter: b, Vorhersage: statisch, Wert: [-0.02099939]
Wörter: ) se, Vorhersage: variabel, Wert: [0.00485079]
Wörter: nt, Vorhersage: statisch, Wert: [-0.9429404]
Wörter: , 9999 , Vorhersage: variabel, Wert: [0.99923086]
Wörter: bytes, Vorhersage: statisch, Wert: [-0.82535064]
Wörter:  (9.99 kb) rece, Vorhersage: variabel, Wert: [0.99913174]
Wörter: ived, Vorhersage: statisch, Wert: [-0.9291559]
Wörter: , , Vorhersage: variabel, Wert: [0.99923086]
Wörter: lifeti, Vorhersage: statisch, Wert: [-0.46613166]
Wörter: me 99:99, Vorhersage: variabel, Wert: [0.44396228]
[ 35  83  13  11  39 150  32  41  28  24  42  55  11 242  32  14  51   2
   6 292  41  13   7   2 138   2  14   2 242  40  31  23   2 158   2 279
 208  62   2 209 135  40  26  27   2 145  43  44   2 145  43  44  11  22
 231  11  22  40  27  30  11 104  40  11  27  30  14  47   2  10   2 145
  43  44   2  77  55   2 193  33 158   2  24 140 174  31  28 111   2  20
   2 279 208  95   2  42  28 209   2 287   2  39  54 178  39   9   2 246
 210   2 242  81   2  51   0   0   0   0   0   0   0   0   0   0   0   0
   0   0   0   0   0   0   0   0   0   0   0   0   0   0   0   0   0   0
   0   0   0   0   0   0   0   0   0   0   0   0   0   0   0   0   0   0
   0   0   0   0   0   0   0   0   0   0   0   0   0   0   0   0   0   0
   0   0   0   0   0   0   0   0   0   0   0   0   0   0   0   0   0   0
   0   0   0   0   0   0   0   0   0   0   0   0   0   0   0   0   0   0
   0   0   0   0   0   0   0   0   0   0   0   0   0   0   0   0   0   0
   0   0   0   0   0   0   0   0   0   0   0   0   0   0   0   0   0   0
   0   0   0   0   0   0   0   0   0   0   0   0   0   0   0   0]
Wörter: ping, Vorhersage: statisch, Wert: [-0.52011186]
Wörter: 9.teamviewer.com:999 (, Vorhersage: variabel, Wert: [0.9977109]
Wörter: ipv, Vorhersage: statisch, Wert: [-0.31522128]
Wörter: 9) , Vorhersage: variabel, Wert: [0.9977109]
Wörter: error : could not connect through proxy proxy.cse.cuhk.edu.hk:9999 - proxy server cannot establish a connection with the target, status code 999, Vorhersage: statisch, Wert: [-0.9472247]
Model: "sequential"
┏━━━━━━━━━━━━━━━━━━━━━━━━━━━━━━━━━━━━━━┳━━━━━━━━━━━━━━━━━━━━━━━━━━━━━┳━━━━━━━━━━━━━━━━━┓
┃ Layer (type)                         ┃ Output Shape                ┃         Param # ┃
┡━━━━━━━━━━━━━━━━━━━━━━━━━━━━━━━━━━━━━━╇━━━━━━━━━━━━━━━━━━━━━━━━━━━━━╇━━━━━━━━━━━━━━━━━┩
│ embedding (Embedding)                │ (None, 268, 64)             │          19,264 │
├──────────────────────────────────────┼─────────────────────────────┼─────────────────┤
│ bidirectional (Bidirectional)        │ (None, 268, 256)            │         148,992 │
├──────────────────────────────────────┼─────────────────────────────┼─────────────────┤
│ time_distributed (TimeDistributed)   │ (None, 268, 128)            │          32,896 │
├──────────────────────────────────────┼─────────────────────────────┼─────────────────┤
│ dropout (Dropout)                    │ (None, 268, 128)            │               0 │
├──────────────────────────────────────┼─────────────────────────────┼─────────────────┤
│ time_distributed_1 (TimeDistributed) │ (None, 268, 1)              │             129 │
└──────────────────────────────────────┴─────────────────────────────┴─────────────────┘
 Total params: 603,845 (2.30 MB)
 Trainable params: 201,281 (786.25 KB)
 Non-trainable params: 0 (0.00 B)
 Optimizer params: 402,564 (1.54 MB)

Training auf folgende Datei: Datensätze/Vorbereitete Daten/bgl_v1/unique_data/content_list_bgl_unique.txt
Total Trainings-Loss: [0.06334736943244934, 0.018018078058958054, 0.010821637697517872, 0.008817971684038639, 0.007266567554324865, 0.006312030367553234, 0.005585077218711376, 0.004954622592777014, 0.0043028127402067184, 0.0035850696731358767]
Total Trainings-Accuracy: [0.9246337413787842, 0.9579920172691345, 0.9607253074645996, 0.9616069197654724, 0.9618378281593323, 0.9621899127960205, 0.9625489115715027, 0.9626352787017822, 0.9627845883369446, 0.9630363583564758]
Total Validierungs-Loss: [0.024029545485973358, 0.012156174518167973, 0.010046127252280712, 0.008742130361497402, 0.008062103763222694, 0.008233960717916489, 0.007619695272296667, 0.007939275354146957, 0.007401936687529087, 0.006830013357102871]
Total Validierungs-Accuracy: [0.9556809067726135, 0.9609888195991516, 0.9618377685546875, 0.9621920585632324, 0.9622294902801514, 0.9628544449806213, 0.9627425670623779, 0.962546706199646, 0.9630969762802124, 0.9628451466560364]
