Loss: 0.0004439647018443793, Accuracy: 0.9220100045204163

Log: 9 ddr errors(s) detected and corrected on rank 9, symbol 9, bit 9
[  17    2  464    2 1134    9   47   10    2  326    2  337    2  351
    2   88    2  589    2   17   13    2  579    2   17   13    2 1043
    2   17    0    0    0    0    0    0    0    0    0    0    0    0
    0    0    0    0    0    0    0    0    0    0    0    0    0    0
    0    0    0    0    0    0    0    0    0    0    0    0    0    0
    0    0    0    0    0    0    0    0    0    0    0    0    0    0
    0    0    0    0    0    0    0    0    0    0    0    0    0    0
    0    0    0    0    0    0    0    0    0    0    0    0    0    0
    0    0    0    0    0    0    0    0    0    0    0    0    0    0
    0    0    0    0    0    0    0    0    0    0    0    0    0    0
    0    0    0    0    0    0    0    0    0    0    0    0    0    0
    0    0    0    0    0    0    0    0    0    0    0    0    0    0
    0    0    0    0    0]
Wörter: 9 , Vorhersage: variabel, Werte: [0.9999412], [0.99981767]
Wörter: ddr errors(s) detected and corrected on rank , Vorhersage: statisch, Werte: [-0.99999905], [-1.], [-0.99788463], [-0.99746823], [-0.9990178], [-0.99980634], [-0.99978065], [-0.9995442], [-0.998611], [-0.99999684], [-0.9999972], [-0.9987176], [-0.9965804], [-1.], [-1.], [-0.9998446], [-0.99989706]
Wörter: 9, , Vorhersage: variabel, Werte: [1.], [0.99999964], [0.99999785]
Wörter: symbol , Vorhersage: statisch, Werte: [-0.99999624], [-0.9999951]
Wörter: 9, bit 9, Vorhersage: variabel, Werte: [1.], [0.9999731], [0.99992245], [0.98322177], [0.99679196], [0.99997526]

Log: instruction cache parity error corrected
[ 492    2 1289    2  945    2  220    2  351    0    0    0    0    0
    0    0    0    0    0    0    0    0    0    0    0    0    0    0
    0    0    0    0    0    0    0    0    0    0    0    0    0    0
    0    0    0    0    0    0    0    0    0    0    0    0    0    0
    0    0    0    0    0    0    0    0    0    0    0    0    0    0
    0    0    0    0    0    0    0    0    0    0    0    0    0    0
    0    0    0    0    0    0    0    0    0    0    0    0    0    0
    0    0    0    0    0    0    0    0    0    0    0    0    0    0
    0    0    0    0    0    0    0    0    0    0    0    0    0    0
    0    0    0    0    0    0    0    0    0    0    0    0    0    0
    0    0    0    0    0    0    0    0    0    0    0    0    0    0
    0    0    0    0    0    0    0    0    0    0    0    0    0    0
    0    0    0    0    0]
Wörter: instruction cache parity error corrected, Vorhersage: statisch, Werte: [-0.99996746], [-0.99998194], [-1.], [-1.], [-0.9999964], [-0.9999993], [-1.], [-1.], [-0.9999855]

Log: total of 99 ddr error(s) detected and corrected
[695   2 133   2  56   2 464   2 220   9  47  10   2 326   2 337   2 351
   0   0   0   0   0   0   0   0   0   0   0   0   0   0   0   0   0   0
   0   0   0   0   0   0   0   0   0   0   0   0   0   0   0   0   0   0
   0   0   0   0   0   0   0   0   0   0   0   0   0   0   0   0   0   0
   0   0   0   0   0   0   0   0   0   0   0   0   0   0   0   0   0   0
   0   0   0   0   0   0   0   0   0   0   0   0   0   0   0   0   0   0
   0   0   0   0   0   0   0   0   0   0   0   0   0   0   0   0   0   0
   0   0   0   0   0   0   0   0   0   0   0   0   0   0   0   0   0   0
   0   0   0   0   0   0   0   0   0   0   0   0   0   0   0   0   0   0
   0   0   0   0   0   0   0   0   0   0   0]
Wörter: total of , Vorhersage: statisch, Werte: [-0.99979156], [-0.9999612], [-0.9990981], [-0.9996991]
Wörter: 99 , Vorhersage: variabel, Werte: [1.], [0.99999964]
Wörter: ddr error(s) detected and corrected, Vorhersage: statisch, Werte: [-0.99999964], [-1.], [-0.9990937], [-0.99975073], [-0.9999108], [-0.99993503], [-0.99990016], [-0.99784213], [-0.9940396], [-0.999988], [-0.999994], [-0.9620195]

Log: 99.999.9.9:99999 Served block blk_-99999999999999999 to /99.999.9.9
[ 56  15  60  15  17  15  17  18  66   2 300   2 127   2 142  27  14 318
   2  90   2  16  56  15  60  15  17  15  17   0   0   0   0   0   0   0
   0   0   0   0   0   0   0   0   0   0   0   0   0   0   0   0   0   0
   0   0   0   0   0   0   0   0   0   0   0   0   0   0   0   0   0   0
   0   0   0   0   0   0   0   0   0   0   0   0   0   0   0   0   0   0
   0   0   0   0   0   0   0   0   0   0   0   0   0   0   0   0   0   0
   0   0   0   0   0   0   0   0   0   0   0   0   0   0   0   0   0   0
   0   0   0   0   0   0   0   0   0   0   0   0   0   0   0   0   0   0
   0   0   0   0   0   0   0   0   0   0   0   0   0   0   0   0   0   0
   0   0   0   0   0   0   0   0   0   0   0]
Wörter: 99.999.9.9:99999 , Vorhersage: variabel, Werte: [1.], [1.], [1.], [1.], [1.], [1.], [1.], [1.], [1.], [1.]
Wörter: served block , Vorhersage: statisch, Werte: [-1.], [-1.], [-1.], [-1.]
Wörter: blk_-99999999999999999 , Vorhersage: variabel, Werte: [1.], [1.], [0.9999673], [0.9999917], [0.9999917]
Wörter: to , Vorhersage: statisch, Werte: [-0.9999985], [-0.9999993]
Wörter: /99.999.9.9, Vorhersage: variabel, Werte: [1.], [1.], [1.], [1.], [1.], [1.], [1.], [1.]

Log: BLOCK* NameSystem.allocateBlock: /mnt/hadoop/mapred/system/job_999999999999_9999/job.jar. blk_9999999999999999999
[ 127   11    2  294   15  493   18    2   16  710   16  717   16 1344
   16  289   16  614   27  488   27   57   16  614   15 1272   15    2
  142   27  205    0    0    0    0    0    0    0    0    0    0    0
    0    0    0    0    0    0    0    0    0    0    0    0    0    0
    0    0    0    0    0    0    0    0    0    0    0    0    0    0
    0    0    0    0    0    0    0    0    0    0    0    0    0    0
    0    0    0    0    0    0    0    0    0    0    0    0    0    0
    0    0    0    0    0    0    0    0    0    0    0    0    0    0
    0    0    0    0    0    0    0    0    0    0    0    0    0    0
    0    0    0    0    0    0    0    0    0    0    0    0    0    0
    0    0    0    0    0    0    0    0    0    0    0    0    0    0
    0    0    0    0    0    0    0    0    0    0    0    0    0    0
    0    0    0    0    0]
Wörter: block* namesystem.allocateblock: , Vorhersage: statisch, Werte: [-0.99999726], [-1.], [-0.99999964], [-0.9999576], [-0.9999955], [-0.99999356], [-0.99999654], [-0.99999124]
Wörter: /mnt/hadoop/mapred/system/job_999999999999_9999/job.jar. blk_9999999999999999999, Vorhersage: variabel, Werte: [0.999993], [0.9999997], [1.], [1.], [1.], [0.9999982], [0.99999946], [0.9999991], [1.], [0.9999948], [0.99999756], [1.], [1.], [1.], [1.], [1.], [0.9999982], [0.9998293], [0.99629056], [0.9930979], [1.], [1.], [1.]

Log: 99.999.99.999:99999 Starting thread to transfer block blk_-9999999999999999999 to 99.999.999.999:99999, 99.999.99.999:99999
[ 56  15  60  15  56  15  60  18  66   2 323   2 331   2  90   2 332   2
 127   2 142  27  14 205   2  90   2  56  15  60  15  60  15  60  18  66
  13   2  56  15  60  15  56  15  60  18  66   0   0   0   0   0   0   0
   0   0   0   0   0   0   0   0   0   0   0   0   0   0   0   0   0   0
   0   0   0   0   0   0   0   0   0   0   0   0   0   0   0   0   0   0
   0   0   0   0   0   0   0   0   0   0   0   0   0   0   0   0   0   0
   0   0   0   0   0   0   0   0   0   0   0   0   0   0   0   0   0   0
   0   0   0   0   0   0   0   0   0   0   0   0   0   0   0   0   0   0
   0   0   0   0   0   0   0   0   0   0   0   0   0   0   0   0   0   0
   0   0   0   0   0   0   0   0   0   0   0]
Wörter: 99.999.99.999:99999 , Vorhersage: variabel, Werte: [1.], [1.], [1.], [1.], [1.], [1.], [1.], [1.], [1.], [1.]
Wörter: starting thread to transfer block , Vorhersage: statisch, Werte: [-1.], [-1.], [-1.], [-1.], [-1.], [-1.], [-1.], [-1.], [-1.], [-1.]
Wörter: blk_-9999999999999999999 , Vorhersage: variabel, Werte: [1.], [1.], [0.9998857], [0.9999724], [0.99996257]
Wörter: to , Vorhersage: statisch, Werte: [-0.99999815], [-0.99999917]
Wörter: 99.999.999.999:99999, 99.999.99.999:99999, Vorhersage: variabel, Werte: [1.], [1.], [1.], [1.], [1.], [1.], [1.], [1.], [1.], [1.], [1.], [1.], [1.], [1.], [1.], [1.], [1.], [1.], [1.], [1.]

Log: rs.sinajs.cn:99 open through proxy proxy.cse.cuhk.edu.hk:9999 HTTPS
[2549   15 1645   15  544   18   56    2  276    2  273    2  194    2
  194   15  253   15  254   15  241   15  190   18   57    2  285    0
    0    0    0    0    0    0    0    0    0    0    0    0    0    0
    0    0    0    0    0    0    0    0    0    0    0    0    0    0
    0    0    0    0    0    0    0    0    0    0    0    0    0    0
    0    0    0    0    0    0    0    0    0    0    0    0    0    0
    0    0    0    0    0    0    0    0    0    0    0    0    0    0
    0    0    0    0    0    0    0    0    0    0    0    0    0    0
    0    0    0    0    0    0    0    0    0    0    0    0    0    0
    0    0    0    0    0    0    0    0    0    0    0    0    0    0
    0    0    0    0    0    0    0    0    0    0    0    0    0    0
    0    0    0    0    0    0    0    0    0    0    0    0    0    0
    0    0    0    0    0]
Wörter: rs.sinajs.cn:99 , Vorhersage: variabel, Werte: [0.9998784], [0.9999897], [0.99999535], [0.99999744], [0.99997866], [0.999924], [1.], [0.99999803]
Wörter: open through proxy , Vorhersage: statisch, Werte: [-1.], [-1.], [-1.], [-1.], [-0.99999505], [-0.99999785]
Wörter: proxy.cse.cuhk.edu.hk:9999 , Vorhersage: variabel, Werte: [0.99999815], [1.], [1.], [1.], [1.], [1.], [1.], [0.9999993], [1.], [0.9999673], [1.], [1.]
Wörter: https, Vorhersage: statisch, Werte: [-0.99999577]

Log: pic9.zhimg.com:999 close, 9999 bytes (9.99 KB) sent, 9999 bytes (9.99 KB) received, lifetime 99:99
[1688   17   15 2380   15  214   18   60    2  234   13    2   57    2
  211    2    9   17   15   56    2  212   10    2  292   13    2   57
    2  211    2    9   17   15   56    2  212   10    2  215   13    2
  296    2   56   18   56    0    0    0    0    0    0    0    0    0
    0    0    0    0    0    0    0    0    0    0    0    0    0    0
    0    0    0    0    0    0    0    0    0    0    0    0    0    0
    0    0    0    0    0    0    0    0    0    0    0    0    0    0
    0    0    0    0    0    0    0    0    0    0    0    0    0    0
    0    0    0    0    0    0    0    0    0    0    0    0    0    0
    0    0    0    0    0    0    0    0    0    0    0    0    0    0
    0    0    0    0    0    0    0    0    0    0    0    0    0    0
    0    0    0    0    0    0    0    0    0    0    0    0    0    0
    0    0    0    0    0]
Wörter: pic9.zhimg.com:999 , Vorhersage: variabel, Werte: [0.999999], [1.], [1.], [1.], [1.], [0.9999994], [0.99999785], [1.], [0.9999992]
Wörter: close, , Vorhersage: statisch, Werte: [-1.], [-1.], [-1.]
Wörter: 9999 , Vorhersage: variabel, Werte: [1.], [1.]
Wörter: bytes , Vorhersage: statisch, Werte: [-0.99999475], [-0.999988]
Wörter: (9.99 kb) , Vorhersage: variabel, Werte: [0.9999986], [1.], [0.99999374], [1.], [0.99999917], [0.9999277], [0.9999977], [0.9999947]
Wörter: sent, , Vorhersage: statisch, Werte: [-1.], [-1.], [-1.]
Wörter: 9999 , Vorhersage: variabel, Werte: [1.], [1.]
Wörter: bytes , Vorhersage: statisch, Werte: [-0.99999297], [-0.99998707]
Wörter: (9.99 kb) , Vorhersage: variabel, Werte: [0.9999991], [1.], [0.99999595], [1.], [0.9999993], [0.9998738], [0.9999967], [0.9999916]
Wörter: received, lifetime , Vorhersage: statisch, Werte: [-1.], [-1.], [-1.], [-0.9999988], [-0.9999996]
Wörter: 99:99, Vorhersage: variabel, Werte: [1.], [1.], [1.]

Log: ping9.teamviewer.com:999 (IPv9) error : Could not connect through proxy proxy.cse.cuhk.edu.hk:9999 - Proxy server cannot establish a connection with the target, status code 999
[1687   17   15 1573   15  214   18   60    2    9 2235   17   10    2
  220    2   18    2  480    2  107    2  317    2  273    2  194    2
  194   15  253   15  254   15  241   15  190   18   57    2   14    2
  194    2  481    2  760    2  377    2   29    2  350    2  358    2
  141    2  672   13    2  494    2  463    2   60    0    0    0    0
    0    0    0    0    0    0    0    0    0    0    0    0    0    0
    0    0    0    0    0    0    0    0    0    0    0    0    0    0
    0    0    0    0    0    0    0    0    0    0    0    0    0    0
    0    0    0    0    0    0    0    0    0    0    0    0    0    0
    0    0    0    0    0    0    0    0    0    0    0    0    0    0
    0    0    0    0    0    0    0    0    0    0    0    0    0    0
    0    0    0    0    0    0    0    0    0    0    0    0    0    0
    0    0    0    0    0]
Wörter: ping9.teamviewer.com:999 (ipv9) , Vorhersage: variabel, Werte: [0.9999996], [1.], [1.], [1.], [1.], [1.], [1.], [1.], [1.], [0.999718], [0.9998955], [1.], [0.99999416], [0.9999746]
Wörter: error : could not connect through proxy , Vorhersage: statisch, Werte: [-0.99999815], [-0.99999934], [-0.99989873], [-0.9997209], [-0.99976164], [-0.99954265], [-0.9999995], [-0.9999994], [-1.], [-1.], [-1.], [-1.], [-1.], [-1.]
Wörter: proxy.cse.cuhk.edu.hk:9999 , Vorhersage: variabel, Werte: [0.9999737], [0.99999964], [1.], [1.], [1.], [1.], [1.], [0.9999994], [1.], [0.9999931], [1.], [1.]
Wörter: - proxy server cannot establish a connection with the target, status code , Vorhersage: statisch, Werte: [-0.99999905], [-0.99997604], [-0.9998985], [-0.99991536], [-1.], [-1.], [-1.], [-1.], [-1.], [-1.], [-1.], [-1.], [-1.], [-1.], [-1.], [-1.], [-1.], [-1.], [-0.9999889], [-0.9999986], [-0.99999624], [-1.], [-1.], [-0.9999997], [-0.9999986]
Wörter: 999, Vorhersage: variabel, Werte: [0.9999789]

Log: Component State Change: Component \999alt9\999 is in the unavailable state (HWID=9999)
[ 793   88  260    2  519    2  964  287   18    2  793   88  260    2
   60  213   48   17   60    2  225    2   64    2  141    2 2427    2
  519    2    9 1681   93   21   57   10    0    0    0    0    0    0
    0    0    0    0    0    0    0    0    0    0    0    0    0    0
    0    0    0    0    0    0    0    0    0    0    0    0    0    0
    0    0    0    0    0    0    0    0    0    0    0    0    0    0
    0    0    0    0    0    0    0    0    0    0    0    0    0    0
    0    0    0    0    0    0    0    0    0    0    0    0    0    0
    0    0    0    0    0    0    0    0    0    0    0    0    0    0
    0    0    0    0    0    0    0    0    0    0    0    0    0    0
    0    0    0    0    0    0    0    0    0    0    0    0    0    0
    0    0    0    0    0    0    0    0    0    0    0    0    0    0
    0    0    0    0    0]
Wörter: comp, Vorhersage: variabel, Werte: [0.9401345]
Wörter: onent state change: , Vorhersage: statisch, Werte: [-0.99597526], [-0.99999744], [-0.9999993], [-1.], [-1.], [-0.9972298], [-0.998471], [-0.9996058], [-0.9991388]
Wörter: comp, Vorhersage: variabel, Werte: [0.99837685]
Wörter: onent , Vorhersage: statisch, Werte: [-0.24010615], [-0.9999672], [-0.9999973]
Wörter: 999alt9999 , Vorhersage: variabel, Werte: [1.], [1.], [0.9999992], [1.], [1.], [1.]
Wörter: is in the unavailable state (hwid=, Vorhersage: statisch, Werte: [-1.], [-1.], [-1.], [-1.], [-1.], [-1.], [-0.9999989], [-0.99999803], [-0.9999995], [-1.], [-0.44591674], [-0.9926188], [-0.9952809], [-0.90219915]
Wörter: 9999), Vorhersage: variabel, Werte: [0.98323405], [0.95207304]

Log: unix.hw state_change.unavailable 9999999999 9 Component State Change: Component \999alt9\999 is in the unavailable state (HWID=9999)
[2864   52   15 1681    2  519   27  964  287   15 2427    2  524    2
   17    2  793   88  260    2  519    2  964  287   18    2  793   88
  260    2   60  213   48   17   60    2  225    2   64    2  141    2
 2427    2  519    2    9 1681   93   21   57   10    0    0    0    0
    0    0    0    0    0    0    0    0    0    0    0    0    0    0
    0    0    0    0    0    0    0    0    0    0    0    0    0    0
    0    0    0    0    0    0    0    0    0    0    0    0    0    0
    0    0    0    0    0    0    0    0    0    0    0    0    0    0
    0    0    0    0    0    0    0    0    0    0    0    0    0    0
    0    0    0    0    0    0    0    0    0    0    0    0    0    0
    0    0    0    0    0    0    0    0    0    0    0    0    0    0
    0    0    0    0    0    0    0    0    0    0    0    0    0    0
    0    0    0    0    0]
Wörter: uni, Vorhersage: statisch, Werte: [-0.9493504]
Wörter: x., Vorhersage: variabel, Werte: [0.99019516], [0.56489784]
Wörter: hw state_change.unavailable , Vorhersage: statisch, Werte: [-0.9987279], [-0.9998369], [-0.99984866], [-0.99991035], [-0.99960464], [-0.99541134], [-0.9982045], [-0.99102694], [-0.86191905]
Wörter: 9999999999 9 comp, Vorhersage: variabel, Werte: [0.99998254], [0.9999917], [1.], [1.], [0.9986116]
Wörter: onent state change: , Vorhersage: statisch, Werte: [-0.76549804], [-0.9999908], [-0.9999963], [-1.], [-1.], [-0.99951375], [-0.99983436], [-0.99995756], [-0.999907]
Wörter: comp, Vorhersage: variabel, Werte: [0.99455684]
Wörter: onent , Vorhersage: statisch, Werte: [-0.6059922], [-0.99998945], [-0.999999]
Wörter: 999alt9999 , Vorhersage: variabel, Werte: [1.], [1.], [0.9999987], [1.], [1.], [0.9999997]
Wörter: is in the unavailable state (hwid=, Vorhersage: statisch, Werte: [-1.], [-1.], [-1.], [-1.], [-1.], [-1.], [-0.9999989], [-0.99999815], [-0.9999994], [-1.], [-0.46086606], [-0.99289817], [-0.9954367], [-0.9041235]
Wörter: 9999), Vorhersage: variabel, Werte: [0.9826936], [0.95114046]

Log: node-999 node status 9999999999 9 configured out
[  74   14   60    2   74    2  494    2  524    2   17    2 1662  639
   82    2  282    0    0    0    0    0    0    0    0    0    0    0
    0    0    0    0    0    0    0    0    0    0    0    0    0    0
    0    0    0    0    0    0    0    0    0    0    0    0    0    0
    0    0    0    0    0    0    0    0    0    0    0    0    0    0
    0    0    0    0    0    0    0    0    0    0    0    0    0    0
    0    0    0    0    0    0    0    0    0    0    0    0    0    0
    0    0    0    0    0    0    0    0    0    0    0    0    0    0
    0    0    0    0    0    0    0    0    0    0    0    0    0    0
    0    0    0    0    0    0    0    0    0    0    0    0    0    0
    0    0    0    0    0    0    0    0    0    0    0    0    0    0
    0    0    0    0    0    0    0    0    0    0    0    0    0    0
    0    0    0    0    0]
Wörter: node-999 , Vorhersage: variabel, Werte: [0.9912889], [0.9417233], [0.9996809], [0.9995445]
Wörter: node status , Vorhersage: statisch, Werte: [-0.999853], [-0.9998942], [-0.99994373], [-0.9999957]
Wörter: 9999999999 9 configur, Vorhersage: variabel, Werte: [0.9985254], [0.99883515], [1.], [0.9999995], [0.22535118], [0.04757524]
Wörter: ed out, Vorhersage: statisch, Werte: [-0.83306473], [-0.79443353], [-0.9524184]

Log: My election bind port: 9.9.9.9/9.9.9.9:9999
[1121    2 1253    2 4150    2  800   18    2   17   15   17   15   17
   15   17   16   17   15   17   15   17   15   17   18   57    0    0
    0    0    0    0    0    0    0    0    0    0    0    0    0    0
    0    0    0    0    0    0    0    0    0    0    0    0    0    0
    0    0    0    0    0    0    0    0    0    0    0    0    0    0
    0    0    0    0    0    0    0    0    0    0    0    0    0    0
    0    0    0    0    0    0    0    0    0    0    0    0    0    0
    0    0    0    0    0    0    0    0    0    0    0    0    0    0
    0    0    0    0    0    0    0    0    0    0    0    0    0    0
    0    0    0    0    0    0    0    0    0    0    0    0    0    0
    0    0    0    0    0    0    0    0    0    0    0    0    0    0
    0    0    0    0    0    0    0    0    0    0    0    0    0    0
    0    0    0    0    0]
Wörter: my election bind port: , Vorhersage: statisch, Werte: [-0.9953456], [-0.9878811], [-0.9999531], [-0.99998814], [-0.9999929], [-0.99999917], [-0.9999908], [-0.9999993], [-0.9999985]
Wörter: 9.9.9.9/9.9.9.9:9999, Vorhersage: variabel, Werte: [1.], [1.], [1.], [1.], [1.], [1.], [1.], [1.], [1.], [1.], [1.], [1.], [1.], [1.], [1.], [1.], [1.]

Log: Closed socket connection for client /99.99.99.99:99999 which had sessionid 9x99f9a99999b999e
[394   2 402   2 350   2 126   2 280   2  16  56  15  56  15  56  15  56
  18  66   2 412   2 414   2 303   2  17  52  56  34  17  29  66  30  60
  33   0   0   0   0   0   0   0   0   0   0   0   0   0   0   0   0   0
   0   0   0   0   0   0   0   0   0   0   0   0   0   0   0   0   0   0
   0   0   0   0   0   0   0   0   0   0   0   0   0   0   0   0   0   0
   0   0   0   0   0   0   0   0   0   0   0   0   0   0   0   0   0   0
   0   0   0   0   0   0   0   0   0   0   0   0   0   0   0   0   0   0
   0   0   0   0   0   0   0   0   0   0   0   0   0   0   0   0   0   0
   0   0   0   0   0   0   0   0   0   0   0   0   0   0   0   0   0   0
   0   0   0   0   0   0   0   0   0   0   0]
Wörter: closed socket connection for client , Vorhersage: statisch, Werte: [-0.9999833], [-0.9999771], [-0.9999993], [-0.9999998], [-0.9999989], [-0.99999946], [-1.], [-1.], [-0.99999946], [-1.]
Wörter: /99.99.99.99:99999 , Vorhersage: variabel, Werte: [0.9999964], [1.], [1.], [1.], [1.], [1.], [1.], [1.], [0.9999997], [1.], [1.]
Wörter: which had sessionid , Vorhersage: statisch, Werte: [-1.], [-1.], [-1.], [-1.], [-0.9999587], [-0.999996]
Wörter: 9x99f9a99999b999e, Vorhersage: variabel, Werte: [1.], [1.], [1.], [1.], [1.], [1.], [1.], [1.], [1.], [1.]

Log: caught end of stream exception
[1177    2  745    2  133    2  954    2  457    0    0    0    0    0
    0    0    0    0    0    0    0    0    0    0    0    0    0    0
    0    0    0    0    0    0    0    0    0    0    0    0    0    0
    0    0    0    0    0    0    0    0    0    0    0    0    0    0
    0    0    0    0    0    0    0    0    0    0    0    0    0    0
    0    0    0    0    0    0    0    0    0    0    0    0    0    0
    0    0    0    0    0    0    0    0    0    0    0    0    0    0
    0    0    0    0    0    0    0    0    0    0    0    0    0    0
    0    0    0    0    0    0    0    0    0    0    0    0    0    0
    0    0    0    0    0    0    0    0    0    0    0    0    0    0
    0    0    0    0    0    0    0    0    0    0    0    0    0    0
    0    0    0    0    0    0    0    0    0    0    0    0    0    0
    0    0    0    0    0]
Wörter: caught end of stream exception, Vorhersage: statisch, Werte: [-0.99999934], [-1.], [-0.99997723], [-0.9999975], [-0.99913883], [-0.9999511], [-0.9982292], [-0.9967591], [-0.9989279]
Model: "sequential"
┏━━━━━━━━━━━━━━━━━━━━━━━━━━━━━━━━━━━━━━┳━━━━━━━━━━━━━━━━━━━━━━━━━━━━━┳━━━━━━━━━━━━━━━━━┓
┃ Layer (type)                         ┃ Output Shape                ┃         Param # ┃
┡━━━━━━━━━━━━━━━━━━━━━━━━━━━━━━━━━━━━━━╇━━━━━━━━━━━━━━━━━━━━━━━━━━━━━╇━━━━━━━━━━━━━━━━━┩
│ embedding (Embedding)                │ (None, 173, 64)             │         292,992 │
├──────────────────────────────────────┼─────────────────────────────┼─────────────────┤
│ bidirectional (Bidirectional)        │ (None, 173, 256)            │         148,992 │
├──────────────────────────────────────┼─────────────────────────────┼─────────────────┤
│ time_distributed (TimeDistributed)   │ (None, 173, 128)            │          32,896 │
├──────────────────────────────────────┼─────────────────────────────┼─────────────────┤
│ dropout (Dropout)                    │ (None, 173, 128)            │               0 │
├──────────────────────────────────────┼─────────────────────────────┼─────────────────┤
│ time_distributed_1 (TimeDistributed) │ (None, 173, 1)              │             129 │
└──────────────────────────────────────┴─────────────────────────────┴─────────────────┘
 Total params: 1,425,029 (5.44 MB)
 Trainable params: 475,009 (1.81 MB)
 Non-trainable params: 0 (0.00 B)
 Optimizer params: 950,020 (3.62 MB)

Training auf folgende Datei: Datensätze/Vorbereitete Daten - Beispiel/zookeeper_v1/2k/Zookeeper_2k_evaluate_content.txt
Total Trainings-Loss: [0.010693981312215328, 0.0013568190624937415, 0.0007215884397737682, 0.0005488385213539004, 0.000384594954084605, 0.0003108421224169433, 0.00024786064750514925, 0.00022353486565407366, 0.00022884891950525343, 0.00023666131892241538]
Total Trainings-Accuracy: [0.9197425842285156, 0.9243974685668945, 0.9245263934135437, 0.9245414733886719, 0.9245837926864624, 0.9246137738227844, 0.9246249794960022, 0.9246331453323364, 0.9246341586112976, 0.9246307015419006]
Total Validierungs-Loss: [0.0029324956703931093, 0.001114041660912335, 0.0011088084429502487, 0.0006745404680259526, 0.0005249140085652471, 0.0005187968490645289, 0.0005056141526438296, 0.0005252531846053898, 0.00031992135336622596, 0.0004439418844413012]
Total Validierungs-Accuracy: [0.9214053153991699, 0.9217076897621155, 0.9217188358306885, 0.9219204783439636, 0.9220213890075684, 0.9219317436218262, 0.9220101237297058, 0.9219876527786255, 0.9220101237297058, 0.9220101237297058]
