Loss: 0.001572628621943295, Accuracy: 0.9995759725570679

Log: 9 ddr errors(s) detected and corrected on rank 9, symbol 9, bit 9
[ 11   2  22 232   2 224  37   4  37   5   2  22 307  23 382   2 397   2
  21  56  80 382   2  47   2  36 188  29   2  11   7   2  37  43  31  20
  33  30   2  11   7   2  20  90   2  11   0   0   0   0   0   0   0   0
   0   0   0   0   0   0   0   0   0   0   0   0   0   0   0   0   0   0
   0   0   0   0   0   0   0   0   0   0   0   0   0   0   0   0   0   0
   0   0   0   0   0   0   0   0   0   0   0   0   0   0   0   0   0   0
   0   0   0   0]
Wörter: 9 ddr , Vorhersage: variabel, Werte: [0.9999614], [0.9990208], [0.99942434], [0.9916751], [0.6489229]
Wörter: errors(s) , Vorhersage: statisch, Werte: [0.00181769], [0.00324929], [0.00018779], [0.00057718], [0.0010138], [0.00053061]
Wörter: detected , Vorhersage: variabel, Werte: [0.7503842], [0.8739047], [0.9982589], [0.990288], [0.7182076]
Wörter: and , Vorhersage: statisch, Werte: [0.20308004], [0.03690261]
Wörter: corrected, Vorhersage: variabel, Werte: [0.993512], [0.9728616], [0.8858188], [0.50015885]
Wörter:  on rank , Vorhersage: statisch, Werte: [0.03196325], [0.01270752], [0.00215825], [0.0182867], [0.06785858], [0.29649597], [0.37214154]
Wörter: 9, symbol 9, bit 9, Vorhersage: variabel, Werte: [0.99999726], [0.99999964], [0.999949], [0.99871886], [0.9952246], [0.98369455], [0.9993704], [0.9959811], [0.98629516], [0.94623226], [0.99999964], [1.], [0.9999957], [0.99999833], [0.9999831], [0.99957985], [1.]

Log: instruction cache parity error corrected
[ 55 206 118  81   2 225  97  23   2  34 196  90  43   2 224   2  21  56
  80 382   0   0   0   0   0   0   0   0   0   0   0   0   0   0   0   0
   0   0   0   0   0   0   0   0   0   0   0   0   0   0   0   0   0   0
   0   0   0   0   0   0   0   0   0   0   0   0   0   0   0   0   0   0
   0   0   0   0   0   0   0   0   0   0   0   0   0   0   0   0   0   0
   0   0   0   0   0   0   0   0   0   0   0   0   0   0   0   0   0   0
   0   0   0   0]
Wörter: instruction , Vorhersage: statisch, Werte: [0.1588677], [0.10615185], [0.0859666], [0.06438774], [0.01125914]
Wörter: ca, Vorhersage: variabel, Werte: [0.5972653]
Wörter: ch, Vorhersage: statisch, Werte: [0.43303686]
Wörter: e par, Vorhersage: variabel, Werte: [0.99506015], [0.8470261], [0.75550663], [0.55780125]
Wörter: ity error , Vorhersage: statisch, Werte: [0.3137644], [0.16299364], [0.00964338], [8.5673484e-05], [8.7689106e-05]
Wörter: corre, Vorhersage: variabel, Werte: [0.82141656], [0.80416846], [0.7705958]
Wörter: cted, Vorhersage: statisch, Werte: [0.0886746]

Log: total of 99 ddr error(s) detected and corrected
[175  38  19  30   2 105   2  45   2  22 232   2 224   4  37   5   2  22
 307  23 382   2 397   2  21  56  80 382   0   0   0   0   0   0   0   0
   0   0   0   0   0   0   0   0   0   0   0   0   0   0   0   0   0   0
   0   0   0   0   0   0   0   0   0   0   0   0   0   0   0   0   0   0
   0   0   0   0   0   0   0   0   0   0   0   0   0   0   0   0   0   0
   0   0   0   0   0   0   0   0   0   0   0   0   0   0   0   0   0   0
   0   0   0   0]
Wörter: total , Vorhersage: statisch, Werte: [0.00132854], [0.00232053], [0.07450395], [0.02735734], [0.01132738]
Wörter: of 99 ddr , Vorhersage: variabel, Werte: [0.973898], [0.9159465], [0.9999993], [0.99993336], [0.9998958], [0.9974136], [0.7440688]
Wörter: error(s) d, Vorhersage: statisch, Werte: [0.00075871], [5.5256798e-05], [0.00011799], [0.00017496], [8.579915e-05], [0.3655004]
Wörter: etected , Vorhersage: variabel, Werte: [0.6637121], [0.9989864], [0.98970264], [0.70862037]
Wörter: and , Vorhersage: statisch, Werte: [0.27912435], [0.0992838]
Wörter: corre, Vorhersage: variabel, Werte: [0.9991364], [0.9964232], [0.9766575]
Wörter: cted, Vorhersage: statisch, Werte: [0.27145618]

Log: 99.999.9.9:99999 Served block blk_-99999999999999999 to /99.999.9.9
[ 45   9  69   9  11   9  11  12  52   2 198  40  48   2  20  30  66  29
   2  20  30  29  18   8 186 167   2 175   2  10  45   9  69   9  11   9
  11   0   0   0   0   0   0   0   0   0   0   0   0   0   0   0   0   0
   0   0   0   0   0   0   0   0   0   0   0   0   0   0   0   0   0   0
   0   0   0   0   0   0   0   0   0   0   0   0   0   0   0   0   0   0
   0   0   0   0   0   0   0   0   0   0   0   0   0   0   0   0   0   0
   0   0   0   0]
Wörter: 99.999.9.9:99999 served block, Vorhersage: variabel, Werte: [0.99999595], [0.9999939], [0.9999995], [0.99999905], [1.], [0.99999976], [1.], [0.99998176], [0.9999999], [0.99994576], [0.9981244], [0.99145234], [0.999765], [0.99776113], [0.9997228], [0.9972817], [0.9877127], [0.9397724]
Wörter:  , Vorhersage: statisch, Werte: [0.48139432]
Wörter: blk_-99999999999999999 , Vorhersage: variabel, Werte: [0.99781716], [0.9929859], [0.9903805], [0.9982693], [0.9995079], [0.9996904], [0.9998541], [0.99486995]
Wörter: to , Vorhersage: statisch, Werte: [0.04570878], [0.09164415]
Wörter: /99.999.9.9, Vorhersage: variabel, Werte: [0.9999963], [1.], [1.], [1.], [1.], [1.], [1.], [1.]

Log: BLOCK* NameSystem.allocateBlock: /mnt/hadoop/mapred/system/job_999999999999_9999/job.jar. blk_9999999999999999999
[ 20  30  66  29   6   2  32 286  49  43 206 207   9  19 388  66 346  20
  30  66  29  12   2  10  31 505  10 138 192  34  10 450  96  48  10  37
  43 206 207  10  28  33  20  18 412  18  46  10  28  33  20   9 289   9
   2  20  30  29  18 186 268   0   0   0   0   0   0   0   0   0   0   0
   0   0   0   0   0   0   0   0   0   0   0   0   0   0   0   0   0   0
   0   0   0   0   0   0   0   0   0   0   0   0   0   0   0   0   0   0
   0   0   0   0]
Wörter: block, Vorhersage: variabel, Werte: [0.9848898], [0.9497185], [0.90013796], [0.7397431]
Wörter: * , Vorhersage: statisch, Werte: [0.40235132], [0.0609073]
Wörter: namesystem.allocateblock, Vorhersage: variabel, Werte: [0.7792547], [0.7747346], [0.82487553], [0.8800556], [0.8778072], [0.9204833], [0.99148446], [0.9968771], [0.98685557], [0.97237307], [0.95042586], [0.99660707], [0.98266983], [0.95390457], [0.8433533]
Wörter: : , Vorhersage: statisch, Werte: [0.09712639], [0.04462816]
Wörter: /mnt/hadoop/mapred/system/job_999999999999_9999/job.jar. blk_9999999999999999999, Vorhersage: variabel, Werte: [0.999808], [0.99856347], [0.9946122], [0.9999826], [0.94787014], [0.9293899], [0.8862359], [0.99989414], [0.9991991], [0.99798405], [0.9999542], [0.9999993], [0.99993277], [0.9990502], [0.9950305], [0.991668], [0.9999802], [0.9998425], [0.9988588], [0.999856], [0.99986684], [0.99969065], [0.9998828], [0.99999654], [0.9999999], [0.99999356], [0.9998317], [0.99996626], [0.99996245], [0.9998586], [0.999905], [0.9982206], [0.9999429], [0.9997508], [0.99945706], [0.999894], [0.99993443], [0.99359846]

Log: 99.999.99.999:99999 Starting thread to transfer block blk_-9999999999999999999 to 99.999.999.999:99999, 99.999.99.999:99999
[ 45   9  69   9  45   9  69  12  52   2 373   2 171   2 175   2  38  36
 188  37  24  57   2  20  30  66  29   2  20  30  29  18   8 186 268   2
 175   2  45   9  69   9  69   9  69  12  52   7   2  45   9  69   9  45
   9  69  12  52   0   0   0   0   0   0   0   0   0   0   0   0   0   0
   0   0   0   0   0   0   0   0   0   0   0   0   0   0   0   0   0   0
   0   0   0   0   0   0   0   0   0   0   0   0   0   0   0   0   0   0
   0   0   0   0]
Wörter: 99.999.99.999:99999 starting, Vorhersage: variabel, Werte: [0.99999666], [0.999995], [0.99999964], [0.99999917], [1.], [0.99999976], [0.99999976], [0.9998981], [0.9999995], [0.9998392], [0.795841]
Wörter:  thread to trans, Vorhersage: statisch, Werte: [0.01630439], [0.00030181], [4.9569204e-05], [7.613219e-06], [7.578868e-06], [0.0001405], [0.00107704], [0.01440603], [0.27342352]
Wörter: fer block blk_-9999999999999999999 , Vorhersage: variabel, Werte: [0.99891794], [0.99555427], [0.97335184], [0.9992237], [0.99510205], [0.9836241], [0.9414288], [0.5371466], [0.9975604], [0.9923133], [0.98947644], [0.99773204], [0.9992536], [0.9994012], [0.9970548], [0.86395276]
Wörter: to , Vorhersage: statisch, Werte: [0.00590214], [0.01513929]
Wörter: 99.999.999.999:99999, 99.999.99.999:99999, Vorhersage: variabel, Werte: [0.999995], [0.99999547], [0.99999976], [0.99999905], [0.99999976], [0.9999989], [0.99999976], [0.9999676], [0.9999999], [1.], [0.9999987], [1.], [1.], [1.], [1.], [1.], [1.], [1.], [0.9999957], [1.]

Log: rs.sinajs.cn:99 open through proxy proxy.cse.cuhk.edu.hk:9999 HTTPS
[ 36  37   9  37  55  19  28  37   9  21  32  12  45   2 219   2  38  26
  36  33 325   2  96  33  42  43   2  96  33  42  43   9  21 453   9  21
  39  26  29   9  48  39   9  26  29  12  46   2  26  38  38  34  37   0
   0   0   0   0   0   0   0   0   0   0   0   0   0   0   0   0   0   0
   0   0   0   0   0   0   0   0   0   0   0   0   0   0   0   0   0   0
   0   0   0   0   0   0   0   0   0   0   0   0   0   0   0   0   0   0
   0   0   0   0]
Wörter: r, Vorhersage: statisch, Werte: [0.36654794]
Wörter: s.sinajs.cn:99 open, Vorhersage: variabel, Werte: [0.5394996], [0.9756152], [0.9537653], [0.95391953], [0.9947396], [0.9951161], [0.99343914], [0.9989028], [0.99979883], [0.9996394], [0.99481356], [0.9999981], [0.99955374], [0.82250947]
Wörter:  through pr, Vorhersage: statisch, Werte: [0.07103325], [0.06249627], [0.08995689], [0.1136388], [0.1200513], [0.12206587], [0.02668475], [0.2625156]
Wörter: oxy proxy.cse.cuhk.edu.hk, Vorhersage: variabel, Werte: [0.59767467], [0.9997557], [0.9982014], [0.99023974], [0.98119813], [0.9819395], [0.99995196], [0.99969506], [0.9998735], [0.9999498], [0.9995059], [0.999754], [0.99989843], [0.9989827], [0.99620444], [0.99274445], [0.9988691], [0.9999472], [0.9995179], [0.9997416], [0.9973687], [0.98580116]
Wörter: :, Vorhersage: statisch, Werte: [0.4473121]
Wörter: 9999 htt, Vorhersage: variabel, Werte: [0.99955195], [0.9800397], [0.9727164], [0.89004064], [0.7210511]
Wörter: ps, Vorhersage: statisch, Werte: [0.37581274], [0.02523485]

Log: pic9.zhimg.com:999 close, 9999 bytes (9.99 KB) sent, 9999 bytes (9.99 KB) received, lifetime 99:99
[ 34  27  21  11   9  44  26  27  31  25   9 490  12  69   2 464   7   2
  46   2 305  38  49   2   4  11   9  45   2  29  20   5   2  37  67   7
   2  46   2 305  38  49   2   4  11   9  45   2  29  20   5   2 166   7
   2  60  24  23  76   2  45  12  45   0   0   0   0   0   0   0   0   0
   0   0   0   0   0   0   0   0   0   0   0   0   0   0   0   0   0   0
   0   0   0   0   0   0   0   0   0   0   0   0   0   0   0   0   0   0
   0   0   0   0]
Wörter: pic9.zhimg.com, Vorhersage: variabel, Werte: [0.6488668], [0.9009042], [0.99809104], [0.99999833], [0.9999888], [0.99951446], [0.99513113], [0.98217785], [0.9502318], [0.88770074], [0.99036646], [0.9468921]
Wörter: :, Vorhersage: statisch, Werte: [0.30744106]
Wörter: 999 close, 9999 bytes, Vorhersage: variabel, Werte: [0.99870646], [0.9775778], [0.54483384], [0.9996741], [0.9973788], [0.9999578], [0.99904627], [0.99097264], [0.9178118], [0.83892155]
Wörter:  (, Vorhersage: statisch, Werte: [0.4243364], [0.07552784]
Wörter: 9.99 kb) sent, 9999 bytes, Vorhersage: variabel, Werte: [0.99998343], [0.99998736], [1.], [0.99997795], [0.9989262], [0.99979013], [0.997593], [0.95004195], [0.9381881], [0.9190717], [0.99985075], [0.9988042], [0.9999721], [0.9992551], [0.9919229], [0.91190326], [0.81891185]
Wörter:  (, Vorhersage: statisch, Werte: [0.3822688], [0.06235158]
Wörter: 9.99 kb) , Vorhersage: variabel, Werte: [0.99998605], [0.9999896], [1.], [0.9999826], [0.99917275], [0.9998369], [0.9976191], [0.80859786]
Wörter: received, Vorhersage: statisch, Werte: [0.00121052]
Wörter: , lifetime 99:99, Vorhersage: variabel, Werte: [0.99744666], [0.89301825], [0.98355085], [0.99995863], [0.9999925], [0.9998697], [0.9994456], [1.], [0.99999726], [1.]

Log: ping9.teamviewer.com:999 (IPv9) error : Could not connect through proxy proxy.cse.cuhk.edu.hk:9999 - Proxy server cannot establish a connection with the target, status code 999
[ 34  63  11   9  38  23 286  40  27 261  57   9 490  12  69   2   4  27
  34  40  11   5   2 224   2  12   2 489  39  30  22   2 228   2  85  64
 376   2  38  26  36  33 325   2  96  33  42  43   2  96  33  42  43   9
  21 453   9  21  39  26  29   9  48  39   9  26  29  12  46   2   8   2
  96  33  42  43   2 227   2 238   2 114   2  19   2  87   2 135   2  38
  26  23   2  38 196 148  38   7   2 206  82 230   2 335   2  69   0   0
   0   0   0   0]
Wörter: ping9.teamviewer.com, Vorhersage: variabel, Werte: [0.7229633], [0.9227417], [0.9999796], [0.9999509], [0.9989526], [0.9997342], [0.99771285], [0.9878642], [0.96618015], [0.8713525], [0.75063705], [0.9838898], [0.91792196]
Wörter: :, Vorhersage: statisch, Werte: [0.24099545]
Wörter: 999 , Vorhersage: variabel, Werte: [0.99804246], [0.9525642]
Wörter: (ipv, Vorhersage: statisch, Werte: [0.03605355], [0.10570753], [0.16803616], [0.48842263]
Wörter: 9) , Vorhersage: variabel, Werte: [0.99997425], [0.9990721], [0.9337135]
Wörter: error : coul, Vorhersage: statisch, Werte: [0.00079011], [0.0001079], [7.368895e-05], [3.6388654e-05], [0.00072985], [0.00373268], [0.02058571]
Wörter: d, Vorhersage: variabel, Werte: [0.92388886]
Wörter:  not connect through pr, Vorhersage: statisch, Werte: [0.36030608], [0.27594244], [0.04070231], [0.15948659], [0.1953494], [0.15580706], [0.02609537], [0.07217703], [0.13533476], [0.1720636], [0.16966768], [0.15778847], [0.03292889], [0.2879093]
Wörter: oxy proxy.cse.cuhk.edu.hk, Vorhersage: variabel, Werte: [0.61297184], [0.999742], [0.9980909], [0.9899518], [0.98045564], [0.9810775], [0.9999486], [0.9996735], [0.9998635], [0.9999453], [0.9994568], [0.9997253], [0.9998846], [0.99883455], [0.9955705], [0.99142116], [0.9985814], [0.9999305], [0.99934095], [0.9996227], [0.995924], [0.98458976]
Wörter: :, Vorhersage: statisch, Werte: [0.46166515]
Wörter: 9999 - proxy , Vorhersage: variabel, Werte: [0.99888533], [0.97146827], [0.997979], [0.9644385], [0.966221], [0.9619653], [0.9999435], [0.9990534], [0.9179746]
Wörter: server cannot establish a connection with the , Vorhersage: statisch, Werte: [0.17061457], [0.00740288], [0.00016864], [5.1498806e-05], [0.0001031], [5.1998464e-05], [0.07403217], [0.00663248], [0.00011141], [5.243056e-05], [6.597927e-07], [7.7877473e-07], [1.3370971e-05], [0.00011264], [0.392784], [0.18985204]
Wörter: target, st, Vorhersage: variabel, Werte: [0.58777726], [0.79652166], [0.8401492], [0.7757719], [0.999879], [0.99626154], [0.9409873]
Wörter: atus code , Vorhersage: statisch, Werte: [0.00010633], [0.00021343], [3.408256e-05], [0.00078424], [0.00047103]
Wörter: 999, Vorhersage: variabel, Werte: [0.99421257]

Log: Component State Change: Component \999alt9\999 is in the unavailable state (HWID=9999)
[490  34  47  67   2 206 346   2 237 148  12   2 490  34  47  67   2  69
  19  30  38  11  69   2 499   2  55   2  38  26  23   2  39  32 146  19
 445 103  95   2 206 346   2   4  26  41  65  15  46   5   0   0   0   0
   0   0   0   0   0   0   0   0   0   0   0   0   0   0   0   0   0   0
   0   0   0   0   0   0   0   0   0   0   0   0   0   0   0   0   0   0
   0   0   0   0   0   0   0   0   0   0   0   0   0   0   0   0   0   0
   0   0   0   0]
Wörter: component state change: component , Vorhersage: statisch, Werte: [0.12436032], [0.05675922], [0.01566986], [0.01391863], [0.00186801], [0.0088355], [0.00809808], [0.00207112], [0.01394983], [0.02154922], [0.00247837], [0.00092], [0.0080706], [0.01476344], [0.01518045], [0.07370251], [0.062493]
Wörter: 999alt9999 is, Vorhersage: variabel, Werte: [0.9995622], [0.9998661], [0.9995097], [0.9988236], [0.9999994], [0.9999994], [0.99984], [0.87233526]
Wörter:  in th, Vorhersage: statisch, Werte: [0.04983112], [0.04254086], [0.00501038], [0.02421553], [0.10206777]
Wörter: e unavailable, Vorhersage: variabel, Werte: [0.99115443], [0.9002785], [0.9567034], [0.9884121], [0.9714945], [0.9966587], [0.98677063], [0.992906], [0.93088716]
Wörter:  state (hwid=, Vorhersage: statisch, Werte: [0.2133584], [0.16153617], [0.04258664], [0.00421276], [0.0002638], [0.00145102], [0.00715566], [0.00090685], [0.02516867]
Wörter: 9999), Vorhersage: variabel, Werte: [0.99863213], [0.73923415]

Log: unix.hw state_change.unavailable 9999999999 9 Component State Change: Component \999alt9\999 is in the unavailable state (HWID=9999)
[ 39  32  27  42   9  26  41   2 206 346  18 237 148   9  39  32 146  19
 445 103  95   2 243   2  11   2 490  34  47  67   2 206 346   2 237 148
  12   2 490  34  47  67   2  69  19  30  38  11  69   2 499   2  55   2
  38  26  23   2  39  32 146  19 445 103  95   2 206 346   2   4  26  41
  65  15  46   5   0   0   0   0   0   0   0   0   0   0   0   0   0   0
   0   0   0   0   0   0   0   0   0   0   0   0   0   0   0   0   0   0
   0   0   0   0]
Wörter: unix.hw state_change.unavailable, Vorhersage: variabel, Werte: [0.59242773], [0.9416386], [0.9614684], [0.9998852], [0.99982953], [0.9973162], [0.9814248], [0.58584833], [0.61128587], [0.5184728], [0.9763832], [0.9590962], [0.9561534], [0.9941597], [0.9812229], [0.98950946], [0.97101396], [0.99493754], [0.9800408], [0.98915267], [0.93044406]
Wörter:  , Vorhersage: statisch, Werte: [0.33851886]
Wörter: 9999999999 9 comp, Vorhersage: variabel, Werte: [0.9063798], [0.59460664], [0.99999535], [0.9997428], [0.9955076], [0.960949]
Wörter: onent state change: component , Vorhersage: statisch, Werte: [0.4605638], [0.19162245], [0.01208284], [0.03032147], [0.01891086], [0.00372789], [0.02029338], [0.02688242], [0.00270386], [0.00095289], [0.00805994], [0.01437003], [0.01462286], [0.0707536], [0.06016981]
Wörter: 999alt9999 is, Vorhersage: variabel, Werte: [0.9995554], [0.9998646], [0.99950707], [0.99882084], [0.9999994], [0.9999994], [0.99984], [0.87232894]
Wörter:  in th, Vorhersage: statisch, Werte: [0.04983258], [0.04254311], [0.00501051], [0.02421538], [0.10206332]
Wörter: e unavailable, Vorhersage: variabel, Werte: [0.9911556], [0.90026164], [0.956696], [0.98841476], [0.97149056], [0.9966599], [0.98677087], [0.99290717], [0.9308601]
Wörter:  state (hwid=, Vorhersage: statisch, Werte: [0.2132922], [0.16149855], [0.04258348], [0.00421303], [0.00026358], [0.00145265], [0.00717478], [0.00090969], [0.0253062]
Wörter: 9999), Vorhersage: variabel, Werte: [0.9986425], [0.741091]

Log: node-999 node status 9999999999 9 configured out
[323   8  69   2 323   2 206  82 230   2 243   2  11   2  85 293  25 295
  48   2  77   0   0   0   0   0   0   0   0   0   0   0   0   0   0   0
   0   0   0   0   0   0   0   0   0   0   0   0   0   0   0   0   0   0
   0   0   0   0   0   0   0   0   0   0   0   0   0   0   0   0   0   0
   0   0   0   0   0   0   0   0   0   0   0   0   0   0   0   0   0   0
   0   0   0   0   0   0   0   0   0   0   0   0   0   0   0   0   0   0
   0   0   0   0]
Wörter: node-999 node, Vorhersage: variabel, Werte: [0.5784479], [0.9841024], [0.9996692], [0.9939162], [0.95100576]
Wörter:  status 9999999999 , Vorhersage: statisch, Werte: [0.17351024], [0.08176789], [2.9423229e-05], [6.510666e-05], [1.2799321e-05], [0.00091939], [0.0012521]
Wörter: 9 configured , Vorhersage: variabel, Werte: [0.9999932], [0.9998754], [0.9989863], [0.9961683], [0.9915617], [0.98367834], [0.9999635], [0.99473935]
Wörter: out, Vorhersage: statisch, Werte: [0.20072493]

Log: My election bind port: 9.9.9.9/9.9.9.9:9999
[367   2 216   2  20  55  22   2 389  38  12   2  11   9  11   9  11   9
  11  10  11   9  11   9  11   9  11  12  46   0   0   0   0   0   0   0
   0   0   0   0   0   0   0   0   0   0   0   0   0   0   0   0   0   0
   0   0   0   0   0   0   0   0   0   0   0   0   0   0   0   0   0   0
   0   0   0   0   0   0   0   0   0   0   0   0   0   0   0   0   0   0
   0   0   0   0   0   0   0   0   0   0   0   0   0   0   0   0   0   0
   0   0   0   0]
Wörter: my election bin, Vorhersage: statisch, Werte: [0.00085825], [0.00014638], [1.5218257e-05], [1.1770716e-05], [0.0382649], [0.07740255]
Wörter: d port, Vorhersage: variabel, Werte: [0.9829391], [0.74204403], [0.8168987], [0.5846476]
Wörter: : , Vorhersage: statisch, Werte: [0.1226066], [0.25547248]
Wörter: 9.9.9.9/9.9.9.9:9999, Vorhersage: variabel, Werte: [0.99999857], [0.99999917], [1.], [1.], [1.], [1.], [1.], [1.], [1.], [1.], [1.], [1.], [1.], [1.], [1.], [0.9999988], [0.9999994]

Log: Closed socket connection for client /99.99.99.99:99999 which had sessionid 9x99f9a99999b999e
[130   2 107   2  87   2  59   2  71   2  10  45   9  45   9  45   9  45
  12  52   2 139   2 138   2  75   2  11  42  45  24  11  19  52  20  69
  23   0   0   0   0   0   0   0   0   0   0   0   0   0   0   0   0   0
   0   0   0   0   0   0   0   0   0   0   0   0   0   0   0   0   0   0
   0   0   0   0   0   0   0   0   0   0   0   0   0   0   0   0   0   0
   0   0   0   0   0   0   0   0   0   0   0   0   0   0   0   0   0   0
   0   0   0   0]
Wörter: closed socket connection for client , Vorhersage: statisch, Werte: [2.4113877e-05], [5.2212304e-06], [4.5141942e-07], [1.7729523e-07], [4.161471e-08], [3.8888146e-08], [1.2460226e-09], [4.860001e-09], [1.852353e-08], [8.198357e-07]
Wörter: /99.99.99.99:99999 , Vorhersage: variabel, Werte: [0.99987423], [1.], [1.], [1.], [1.], [1.], [1.], [1.], [0.9999937], [0.9999999], [0.99989676]
Wörter: which had sessionid , Vorhersage: statisch, Werte: [2.402573e-05], [9.947275e-07], [9.36136e-09], [1.2585103e-08], [7.94612e-07], [1.3236612e-05]
Wörter: 9x99f9a99999b999e, Vorhersage: variabel, Werte: [0.999998], [1.], [1.], [1.], [1.], [1.], [1.], [1.], [1.], [0.99999976]

Log: caught end of stream exception
[329   2 132   2 105   2 327   2 221   0   0   0   0   0   0   0   0   0
   0   0   0   0   0   0   0   0   0   0   0   0   0   0   0   0   0   0
   0   0   0   0   0   0   0   0   0   0   0   0   0   0   0   0   0   0
   0   0   0   0   0   0   0   0   0   0   0   0   0   0   0   0   0   0
   0   0   0   0   0   0   0   0   0   0   0   0   0   0   0   0   0   0
   0   0   0   0   0   0   0   0   0   0   0   0   0   0   0   0   0   0
   0   0   0   0]
Wörter: caught end of stream exception, Vorhersage: statisch, Werte: [0.0002455], [3.338762e-05], [4.0392442e-06], [1.7808593e-06], [0.00137212], [0.00026711], [7.775965e-05], [5.45453e-05], [3.832828e-06]
Model: "sequential"
┏━━━━━━━━━━━━━━━━━━━━━━━━━━━━━━━━━━━━━━┳━━━━━━━━━━━━━━━━━━━━━━━━━━━━━┳━━━━━━━━━━━━━━━━━┓
┃ Layer (type)                         ┃ Output Shape                ┃         Param # ┃
┡━━━━━━━━━━━━━━━━━━━━━━━━━━━━━━━━━━━━━━╇━━━━━━━━━━━━━━━━━━━━━━━━━━━━━╇━━━━━━━━━━━━━━━━━┩
│ embedding (Embedding)                │ (None, 112, 64)             │          35,328 │
├──────────────────────────────────────┼─────────────────────────────┼─────────────────┤
│ bidirectional (Bidirectional)        │ (None, 112, 256)            │         148,992 │
├──────────────────────────────────────┼─────────────────────────────┼─────────────────┤
│ time_distributed (TimeDistributed)   │ (None, 112, 128)            │          32,896 │
├──────────────────────────────────────┼─────────────────────────────┼─────────────────┤
│ dropout (Dropout)                    │ (None, 112, 128)            │               0 │
├──────────────────────────────────────┼─────────────────────────────┼─────────────────┤
│ time_distributed_1 (TimeDistributed) │ (None, 112, 1)              │             129 │
└──────────────────────────────────────┴─────────────────────────────┴─────────────────┘
 Total params: 652,037 (2.49 MB)
 Trainable params: 217,345 (849.00 KB)
 Non-trainable params: 0 (0.00 B)
 Optimizer params: 434,692 (1.66 MB)

Training auf folgende Datei: Datensätze/Vorbereitete Daten - Beispiel/zookeeper_v1/2k/Zookeeper_2k_evaluate_content.txt
Total Trainings-Loss: [0.16796240210533142, 0.013841385021805763, 0.003627938684076071, 0.0016838875599205494, 0.0010355629492551088, 0.0006270637968555093, 0.0003640283248387277, 0.00023505339049734175, 0.00015363252896349877, 0.00011928340245503932]
Total Trainings-Accuracy: [0.9540010690689087, 0.9961885809898376, 0.9990234375, 0.999570369720459, 0.9997656941413879, 0.9998827576637268, 0.9999443292617798, 0.9999553561210632, 0.9999944567680359, 0.9999944567680359]
Total Validierungs-Loss: [0.027697347104549408, 0.005109531804919243, 0.0026465419214218855, 0.0018577073933556676, 0.0017054243944585323, 0.0014945813454687595, 0.0014678094303235412, 0.0015075686387717724, 0.0015370496548712254, 0.0015726870624348521]
Total Validierungs-Accuracy: [0.9926116466522217, 0.998705267906189, 0.9990402460098267, 0.9992632865905762, 0.9993526339530945, 0.9995759725570679, 0.9995982646942139, 0.9995535016059875, 0.9995759725570679, 0.9995759725570679]
