Loss: 0.0044939471408724785, Accuracy: 0.9752192497253418
[ 13   2 247   2 407   6  38   7   2 190   2 198   2 205   2 200   2 353
   2  13   9   2 294   2  13   9   2 341   2  13   0   0   0   0   0   0
   0   0   0   0   0   0   0   0   0   0   0   0   0   0   0   0   0   0
   0   0   0   0   0   0   0   0   0   0   0   0   0   0   0   0   0   0
   0   0   0   0   0   0   0   0   0   0   0   0   0   0   0   0   0   0
   0   0   0   0   0   0   0   0   0   0   0   0   0   0   0   0   0   0
   0   0   0   0   0   0   0   0   0   0   0   0   0   0   0   0   0   0
   0   0   0   0   0   0   0   0   0   0   0   0   0   0   0   0   0   0
   0   0   0   0   0   0   0   0   0   0   0   0   0   0   0   0   0   0
   0   0   0   0   0   0   0   0   0]
Wörter: 9, Vorhersage: variabel, Werte: [0.91833264]
Wörter: ddrerrors(s)detectedandcorrectedonrank, Vorhersage: statisch, Werte: [-0.99361163], [-0.99981815], [-0.998636], [-0.99538136], [-0.9998371], [-0.9978493], [-0.91707104]
Wörter: 9,symbol9,bit9, Vorhersage: variabel, Werte: [0.8421915], [0.08207641], [0.5160395], [0.9153918], [0.73491156]
[265   2 422   2 332   2 138   2 205   0   0   0   0   0   0   0   0   0
   0   0   0   0   0   0   0   0   0   0   0   0   0   0   0   0   0   0
   0   0   0   0   0   0   0   0   0   0   0   0   0   0   0   0   0   0
   0   0   0   0   0   0   0   0   0   0   0   0   0   0   0   0   0   0
   0   0   0   0   0   0   0   0   0   0   0   0   0   0   0   0   0   0
   0   0   0   0   0   0   0   0   0   0   0   0   0   0   0   0   0   0
   0   0   0   0   0   0   0   0   0   0   0   0   0   0   0   0   0   0
   0   0   0   0   0   0   0   0   0   0   0   0   0   0   0   0   0   0
   0   0   0   0   0   0   0   0   0   0   0   0   0   0   0   0   0   0
   0   0   0   0   0   0   0   0   0]
Wörter: instructioncacheparityerrorcorrected, Vorhersage: statisch, Werte: [-0.99564326], [-0.98648125], [-0.7986109], [-0.91484255], [-0.94407713]
[516   2 102   2  46   2 247   2 138   6  38   7   2 190   2 198   2 205
   0   0   0   0   0   0   0   0   0   0   0   0   0   0   0   0   0   0
   0   0   0   0   0   0   0   0   0   0   0   0   0   0   0   0   0   0
   0   0   0   0   0   0   0   0   0   0   0   0   0   0   0   0   0   0
   0   0   0   0   0   0   0   0   0   0   0   0   0   0   0   0   0   0
   0   0   0   0   0   0   0   0   0   0   0   0   0   0   0   0   0   0
   0   0   0   0   0   0   0   0   0   0   0   0   0   0   0   0   0   0
   0   0   0   0   0   0   0   0   0   0   0   0   0   0   0   0   0   0
   0   0   0   0   0   0   0   0   0   0   0   0   0   0   0   0   0   0
   0   0   0   0   0   0   0   0   0]
Wörter: totalof, Vorhersage: statisch, Werte: [-0.98939794], [-0.8280638]
Wörter: 99, Vorhersage: variabel, Werte: [0.18380283]
Wörter: ddrerror(s)detectedandcorrected, Vorhersage: statisch, Werte: [-0.7951345], [-0.01523476], [-0.8453271], [-0.9841519], [-0.8104371]
[ 46  11  51  11  13  11  13  14  72   2  77 104   2 558   2 477  30  19
  10  76  13   2 300   2  12  46  11  51  11  13  11  13   0   0   0   0
   0   0   0   0   0   0   0   0   0   0   0   0   0   0   0   0   0   0
   0   0   0   0   0   0   0   0   0   0   0   0   0   0   0   0   0   0
   0   0   0   0   0   0   0   0   0   0   0   0   0   0   0   0   0   0
   0   0   0   0   0   0   0   0   0   0   0   0   0   0   0   0   0   0
   0   0   0   0   0   0   0   0   0   0   0   0   0   0   0   0   0   0
   0   0   0   0   0   0   0   0   0   0   0   0   0   0   0   0   0   0
   0   0   0   0   0   0   0   0   0   0   0   0   0   0   0   0   0   0
   0   0   0   0   0   0   0   0   0]
Wörter: 99.999.9.9:99999Servedblock, Vorhersage: variabel, Werte: [0.9214445], [0.19845891], [0.1940498]
Wörter: blk_-99999999999999999to/99.999.9.9, Vorhersage: statisch, Werte: [-0.00019351], [-0.03354577], [-0.00184559]
[ 558    2 1303 1135 1027   11  716   59  188  347   14    2   12   32
  268   12   27   20   88 1066   12  154  100   23   12 1135 1027   12
 1420   19   49   47   19   47   12 1420   11   29   54   11    2  477
   30   19   76   51    0    0    0    0    0    0    0    0    0    0
    0    0    0    0    0    0    0    0    0    0    0    0    0    0
    0    0    0    0    0    0    0    0    0    0    0    0    0    0
    0    0    0    0    0    0    0    0    0    0    0    0    0    0
    0    0    0    0    0    0    0    0    0    0    0    0    0    0
    0    0    0    0    0    0    0    0    0    0    0    0    0    0
    0    0    0    0    0    0    0    0    0    0    0    0    0    0
    0    0    0    0    0    0    0    0    0    0    0    0    0    0
    0    0    0    0    0    0    0    0    0    0    0    0    0    0
    0    0    0]
Wörter: BLOCK*NameSystem.allocateBlock:/mnt/hadoop/mapred/system/job_999999999999_9999/job.jar.blk_9999999999999999999, Vorhersage: statisch, Werte: [-0.32492146], [-0.97920454], [-0.9309805], [-0.6654363]
[  46   11   51   11   46   11   51   14   72    2  740    2  209  375
    2  300    2  390   38 1031    2  558    2  477   30   19   10   76
   51    2  300    2   46   11   51   11   51   11   51   14   72    9
    2   46   11   51   11   46   11   51   14   72    0    0    0    0
    0    0    0    0    0    0    0    0    0    0    0    0    0    0
    0    0    0    0    0    0    0    0    0    0    0    0    0    0
    0    0    0    0    0    0    0    0    0    0    0    0    0    0
    0    0    0    0    0    0    0    0    0    0    0    0    0    0
    0    0    0    0    0    0    0    0    0    0    0    0    0    0
    0    0    0    0    0    0    0    0    0    0    0    0    0    0
    0    0    0    0    0    0    0    0    0    0    0    0    0    0
    0    0    0    0    0    0    0    0    0    0    0    0    0    0
    0    0    0]
Wörter: 99.999.99.999:99999Startingthread, Vorhersage: variabel, Werte: [0.94141454], [0.32002172], [0.38964453]
Wörter: totransferblockblk_-9999999999999999999to99.999.999.999:99999,99.999.99.999:99999, Vorhersage: statisch, Werte: [-0.00016617], [-0.04577588], [-0.01665615], [-0.06432198], [-0.03594363], [-0.05424108], [-0.06900114]
[  37   38   11   38   67   20   29   38   11   22   33   14   46    2
 1067   33    2  209  135   40  661    2 1186    2 1186   11   22  231
   11   22   40   27   30   11  104   40   11   27   30   14   47    2
   27   39   39   35   38    0    0    0    0    0    0    0    0    0
    0    0    0    0    0    0    0    0    0    0    0    0    0    0
    0    0    0    0    0    0    0    0    0    0    0    0    0    0
    0    0    0    0    0    0    0    0    0    0    0    0    0    0
    0    0    0    0    0    0    0    0    0    0    0    0    0    0
    0    0    0    0    0    0    0    0    0    0    0    0    0    0
    0    0    0    0    0    0    0    0    0    0    0    0    0    0
    0    0    0    0    0    0    0    0    0    0    0    0    0    0
    0    0    0    0    0    0    0    0    0    0    0    0    0    0
    0    0    0]
Wörter: rs.sinajs.cn:99openthroughproxyproxy.cse.cuhk.edu.hk:9999, Vorhersage: statisch, Werte: [-0.99999136], [-0.9997784], [-0.9981332], [-0.9757003], [-0.79950273]
Wörter: HTTPS, Vorhersage: variabel, Werte: [0.71522766]
[ 308   22   13   11   45   27  812   26   11  351   14   51    2 1375
    9    2   47    2  604   38    2    6   13   11   46    2   30   21
    7    2  602    9    2   47    2  604   38    2    6   13   11   46
    2   30   21    7    2  281  230  104    9    2  415  187  381    2
   46   14   46    0    0    0    0    0    0    0    0    0    0    0
    0    0    0    0    0    0    0    0    0    0    0    0    0    0
    0    0    0    0    0    0    0    0    0    0    0    0    0    0
    0    0    0    0    0    0    0    0    0    0    0    0    0    0
    0    0    0    0    0    0    0    0    0    0    0    0    0    0
    0    0    0    0    0    0    0    0    0    0    0    0    0    0
    0    0    0    0    0    0    0    0    0    0    0    0    0    0
    0    0    0    0    0    0    0    0    0    0    0    0    0    0
    0    0    0]
Wörter: pic9.zhimg.com:999close,9999, Vorhersage: variabel, Werte: [0.8482627], [0.7568311], [0.02549869]
Wörter: bytes(9.99KB)sent,9999bytes(9.99KB)received,lifetime99:99, Vorhersage: statisch, Werte: [-0.05540596], [-0.14388424], [-0.06521448], [-0.16162765], [-0.14402808], [-0.15566729], [-0.12067246], [-0.08332348], [-0.11482535], [-0.822563], [-0.7623001]
[1070   13   11   39  150   32   41   28   24  841   11  351   14   51
    2    6  292   41   13    7    2  138    2   14    2  242  531   23
    2  158    2  916   62    2  209  135   40  661    2 1186    2 1186
   11   22  231   11   22   40   27   30   11  104   40   11   27   30
   14   47    2   10    2 1186    2  703    2  948    2 1029  174  415
  111    2   20    2  916   95    2  494    2  287    2  633    9    2
  352    2  907    2   51    0    0    0    0    0    0    0    0    0
    0    0    0    0    0    0    0    0    0    0    0    0    0    0
    0    0    0    0    0    0    0    0    0    0    0    0    0    0
    0    0    0    0    0    0    0    0    0    0    0    0    0    0
    0    0    0    0    0    0    0    0    0    0    0    0    0    0
    0    0    0    0    0    0    0    0    0    0    0    0    0    0
    0    0    0]
Wörter: ping9.teamviewer.com:999(IPv9), Vorhersage: variabel, Werte: [0.2670996], [0.594882]
Wörter: error, Vorhersage: statisch, Werte: [-0.02510904]
Wörter: :Couldnotconnect, Vorhersage: variabel, Werte: [0.1454468], [0.66103274], [0.99946547], [0.00576815]
Wörter: throughproxyproxy.cse.cuhk.edu.hk:9999-, Vorhersage: statisch, Werte: [-0.00610177], [-0.00714851], [-0.00250177], [-0.00340373]
Wörter: Proxyserver, Vorhersage: variabel, Werte: [0.00142189], [0.00568241]
Wörter: cannot, Vorhersage: statisch, Werte: [-0.00253914]
Wörter: establisha, Vorhersage: variabel, Werte: [0.0003584], [0.00013888]
Wörter: connectionwiththetarget,statuscode999, Vorhersage: statisch, Werte: [-0.01784723], [-0.02241237], [-0.05208021], [-0.08789592], [-0.02425213], [-0.01046198], [-0.0139697]
Model: "sequential"
┏━━━━━━━━━━━━━━━━━━━━━━━━━━━━━━━━━━━━━━┳━━━━━━━━━━━━━━━━━━━━━━━━━━━━━┳━━━━━━━━━━━━━━━━━┓
┃ Layer (type)                         ┃ Output Shape                ┃         Param # ┃
┡━━━━━━━━━━━━━━━━━━━━━━━━━━━━━━━━━━━━━━╇━━━━━━━━━━━━━━━━━━━━━━━━━━━━━╇━━━━━━━━━━━━━━━━━┩
│ embedding (Embedding)                │ (None, 171, 64)             │          94,912 │
├──────────────────────────────────────┼─────────────────────────────┼─────────────────┤
│ bidirectional (Bidirectional)        │ (None, 171, 256)            │         148,992 │
├──────────────────────────────────────┼─────────────────────────────┼─────────────────┤
│ time_distributed (TimeDistributed)   │ (None, 171, 128)            │          32,896 │
├──────────────────────────────────────┼─────────────────────────────┼─────────────────┤
│ dropout (Dropout)                    │ (None, 171, 128)            │               0 │
├──────────────────────────────────────┼─────────────────────────────┼─────────────────┤
│ time_distributed_1 (TimeDistributed) │ (None, 171, 1)              │             129 │
└──────────────────────────────────────┴─────────────────────────────┴─────────────────┘
 Total params: 830,789 (3.17 MB)
 Trainable params: 276,929 (1.06 MB)
 Non-trainable params: 0 (0.00 B)
 Optimizer params: 553,860 (2.11 MB)

Training auf folgende Datei: Datensätze/Vorbereitete Daten - Beispiel/bgl_v1/unique_data/content_list_bgl_unique.txt
Total Trainings-Loss: [0.040278706699609756, 0.02329902909696102, 0.011741114780306816, 0.006656629033386707, 0.004712250083684921, 0.003580318298190832, 0.003295772010460496, 0.002527856733649969, 0.0024780617095530033, 0.0020328760147094727]
Total Trainings-Accuracy: [0.9564948081970215, 0.9595213532447815, 0.9689183235168457, 0.9731690287590027, 0.9744772911071777, 0.9748464822769165, 0.9749743938446045, 0.9752376079559326, 0.9753034710884094, 0.9754311442375183]
Total Validierungs-Loss: [0.03232172504067421, 0.014881202951073647, 0.008649053983390331, 0.006721756421029568, 0.005883729550987482, 0.005306528881192207, 0.005140359979122877, 0.0050701843574643135, 0.0045920489355921745, 0.004493804182857275]
Total Validierungs-Accuracy: [0.9560819268226624, 0.9646198749542236, 0.9722660779953003, 0.9740644097328186, 0.9745029211044312, 0.9747514128684998, 0.9748246073722839, 0.9750000238418579, 0.9750439524650574, 0.9752193689346313]
