Loss: 0.0008610432269051671, Accuracy: 0.9252400398254395

Log: 9 ddr errors(s) detected and corrected on rank 9, symbol 9, bit 9
[  17    2  477    2  937    9   48   10    2  293    2  288    2  343
    2   87    2  589    2   17   13    2  583    2   17   13    2 1018
    2   17    0    0    0    0    0    0    0    0    0    0    0    0
    0    0    0    0    0    0    0    0    0    0    0    0    0    0
    0    0    0    0    0    0    0    0    0    0    0    0    0    0
    0    0    0    0    0    0    0    0    0    0    0    0    0    0
    0    0    0    0    0    0    0    0    0    0    0    0    0    0
    0    0    0    0    0    0    0    0    0    0    0    0    0    0
    0    0    0    0    0    0    0    0    0    0    0    0    0    0
    0    0    0    0    0    0    0    0    0    0    0    0    0    0
    0    0    0    0    0    0    0    0    0    0    0    0    0    0
    0    0    0    0    0    0    0    0    0    0    0    0    0    0
    0    0    0    0    0]
Wörter: 9 , Vorhersage: variabel, Werte: [0.99972516], [0.9929633]
Wörter: ddr errors(s) detected and corrected on rank , Vorhersage: statisch, Werte: [-1.], [-1.], [-0.99999934], [-1.], [-1.], [-1.], [-1.], [-1.], [-1.], [-1.], [-1.], [-0.99999934], [-1.], [-1.], [-1.], [-0.99999654], [-0.99999934]
Wörter: 9, , Vorhersage: variabel, Werte: [1.], [0.9999962], [0.9999908]
Wörter: symbol , Vorhersage: statisch, Werte: [-0.9999985], [-0.9999995]
Wörter: 9, bit 9, Vorhersage: variabel, Werte: [1.], [1.], [1.], [0.9997925], [0.9999352], [0.99975824]

Log: instruction cache parity error corrected
[ 509    2 1396    2  997    2  228    2  343    0    0    0    0    0
    0    0    0    0    0    0    0    0    0    0    0    0    0    0
    0    0    0    0    0    0    0    0    0    0    0    0    0    0
    0    0    0    0    0    0    0    0    0    0    0    0    0    0
    0    0    0    0    0    0    0    0    0    0    0    0    0    0
    0    0    0    0    0    0    0    0    0    0    0    0    0    0
    0    0    0    0    0    0    0    0    0    0    0    0    0    0
    0    0    0    0    0    0    0    0    0    0    0    0    0    0
    0    0    0    0    0    0    0    0    0    0    0    0    0    0
    0    0    0    0    0    0    0    0    0    0    0    0    0    0
    0    0    0    0    0    0    0    0    0    0    0    0    0    0
    0    0    0    0    0    0    0    0    0    0    0    0    0    0
    0    0    0    0    0]
Wörter: instruction cache parity error corrected, Vorhersage: statisch, Werte: [-1.], [-1.], [-0.9999985], [-1.], [-1.], [-1.], [-1.], [-1.], [-1.]

Log: total of 99 ddr error(s) detected and corrected
[700   2 133   2  57   2 477   2 228   9  48  10   2 293   2 288   2 343
   0   0   0   0   0   0   0   0   0   0   0   0   0   0   0   0   0   0
   0   0   0   0   0   0   0   0   0   0   0   0   0   0   0   0   0   0
   0   0   0   0   0   0   0   0   0   0   0   0   0   0   0   0   0   0
   0   0   0   0   0   0   0   0   0   0   0   0   0   0   0   0   0   0
   0   0   0   0   0   0   0   0   0   0   0   0   0   0   0   0   0   0
   0   0   0   0   0   0   0   0   0   0   0   0   0   0   0   0   0   0
   0   0   0   0   0   0   0   0   0   0   0   0   0   0   0   0   0   0
   0   0   0   0   0   0   0   0   0   0   0   0   0   0   0   0   0   0
   0   0   0   0   0   0   0   0   0   0   0]
Wörter: total of , Vorhersage: statisch, Werte: [-0.9999788], [-0.9999939], [-0.9999388], [-0.99996686]
Wörter: 99 , Vorhersage: variabel, Werte: [0.9999995], [0.99999297]
Wörter: ddr error(s) detected and corrected, Vorhersage: statisch, Werte: [-0.99993324], [-0.9999802], [-0.9999848], [-0.99999607], [-1.], [-0.99996483], [-0.99999666], [-0.9999985], [-1.], [-1.], [-1.], [-0.9993187]

Log: 99.999.9.9:99999 Served block blk_-99999999999999999 to /99.999.9.9
[ 57  15  61  15  17  15  17  18  67   2 241   2 130   2 141  28  14 309
   2  92   2  16  57  15  61  15  17  15  17   0   0   0   0   0   0   0
   0   0   0   0   0   0   0   0   0   0   0   0   0   0   0   0   0   0
   0   0   0   0   0   0   0   0   0   0   0   0   0   0   0   0   0   0
   0   0   0   0   0   0   0   0   0   0   0   0   0   0   0   0   0   0
   0   0   0   0   0   0   0   0   0   0   0   0   0   0   0   0   0   0
   0   0   0   0   0   0   0   0   0   0   0   0   0   0   0   0   0   0
   0   0   0   0   0   0   0   0   0   0   0   0   0   0   0   0   0   0
   0   0   0   0   0   0   0   0   0   0   0   0   0   0   0   0   0   0
   0   0   0   0   0   0   0   0   0   0   0]
Wörter: 99.999.9.9:99999 , Vorhersage: variabel, Werte: [1.], [1.], [1.], [1.], [1.], [1.], [1.], [0.99999756], [0.9999996], [0.9999961]
Wörter: served block , Vorhersage: statisch, Werte: [-1.], [-1.], [-1.], [-1.]
Wörter: blk_-99999999999999999 , Vorhersage: variabel, Werte: [1.], [1.], [0.99999964], [1.], [1.]
Wörter: to , Vorhersage: statisch, Werte: [-0.99999744], [-0.9999994]
Wörter: /99.999.9.9, Vorhersage: variabel, Werte: [1.], [1.], [1.], [1.], [1.], [1.], [1.], [1.]

Log: BLOCK* NameSystem.allocateBlock: /mnt/hadoop/mapred/system/job_999999999999_9999/job.jar. blk_9999999999999999999
[ 130   11    2  272   15  511   18    2   16  709   16  720   16 1247
   16  208   16  620   28  499   28   58   16  620   15 1236   15    2
  141   28  200    0    0    0    0    0    0    0    0    0    0    0
    0    0    0    0    0    0    0    0    0    0    0    0    0    0
    0    0    0    0    0    0    0    0    0    0    0    0    0    0
    0    0    0    0    0    0    0    0    0    0    0    0    0    0
    0    0    0    0    0    0    0    0    0    0    0    0    0    0
    0    0    0    0    0    0    0    0    0    0    0    0    0    0
    0    0    0    0    0    0    0    0    0    0    0    0    0    0
    0    0    0    0    0    0    0    0    0    0    0    0    0    0
    0    0    0    0    0    0    0    0    0    0    0    0    0    0
    0    0    0    0    0    0    0    0    0    0    0    0    0    0
    0    0    0    0    0]
Wörter: block* namesystem.allocateblock: , Vorhersage: statisch, Werte: [-1.], [-1.], [-1.], [-1.], [-0.9999977], [-0.99999905], [-0.99999917], [-0.99999976]
Wörter: /mnt/hadoop/mapred/system/job_999999999999_9999/job.jar. blk_9999999999999999999, Vorhersage: variabel, Werte: [0.9997677], [0.9999508], [0.9999959], [0.9999994], [1.], [0.9999997], [1.], [1.], [1.], [0.9999977], [1.], [1.], [1.], [1.], [1.], [0.9999994], [1.], [0.99999356], [0.9999836], [0.9999992], [1.], [1.], [0.9999988]

Log: 99.999.99.999:99999 Starting thread to transfer block blk_-9999999999999999999 to 99.999.999.999:99999, 99.999.99.999:99999
[ 57  15  61  15  57  15  61  18  67   2 314   2 320   2  92   2 323   2
 130   2 141  28  14 200   2  92   2  57  15  61  15  61  15  61  18  67
  13   2  57  15  61  15  57  15  61  18  67   0   0   0   0   0   0   0
   0   0   0   0   0   0   0   0   0   0   0   0   0   0   0   0   0   0
   0   0   0   0   0   0   0   0   0   0   0   0   0   0   0   0   0   0
   0   0   0   0   0   0   0   0   0   0   0   0   0   0   0   0   0   0
   0   0   0   0   0   0   0   0   0   0   0   0   0   0   0   0   0   0
   0   0   0   0   0   0   0   0   0   0   0   0   0   0   0   0   0   0
   0   0   0   0   0   0   0   0   0   0   0   0   0   0   0   0   0   0
   0   0   0   0   0   0   0   0   0   0   0]
Wörter: 99.999.99.999:99999 , Vorhersage: variabel, Werte: [1.], [1.], [1.], [1.], [1.], [1.], [1.], [0.9999749], [0.99998534], [0.9996668]
Wörter: starting thread to transfer block , Vorhersage: statisch, Werte: [-1.], [-1.], [-1.], [-1.], [-1.], [-1.], [-1.], [-1.], [-1.], [-1.]
Wörter: blk_-9999999999999999999 , Vorhersage: variabel, Werte: [1.], [1.], [0.9999995], [1.], [1.]
Wörter: to , Vorhersage: statisch, Werte: [-0.9999995], [-0.9999997]
Wörter: 99.999.999.999:99999, 99.999.99.999:99999, Vorhersage: variabel, Werte: [1.], [1.], [1.], [1.], [1.], [1.], [1.], [1.], [1.], [1.], [1.], [1.], [1.], [1.], [1.], [1.], [1.], [1.], [1.], [1.]

Log: rs.sinajs.cn:99 open through proxy proxy.cse.cuhk.edu.hk:9999 HTTPS
[2805   15   48   65   30   39   48   15 2689   18   57    2 1548    2
  128 2807  772    2 1376    2 1376   15   32   66   15   32   50   37
   40   15   85   50   15   37   40   18   58    2   37   49   49 2243
    0    0    0    0    0    0    0    0    0    0    0    0    0    0
    0    0    0    0    0    0    0    0    0    0    0    0    0    0
    0    0    0    0    0    0    0    0    0    0    0    0    0    0
    0    0    0    0    0    0    0    0    0    0    0    0    0    0
    0    0    0    0    0    0    0    0    0    0    0    0    0    0
    0    0    0    0    0    0    0    0    0    0    0    0    0    0
    0    0    0    0    0    0    0    0    0    0    0    0    0    0
    0    0    0    0    0    0    0    0    0    0    0    0    0    0
    0    0    0    0    0    0    0    0    0    0    0    0    0    0
    0    0    0    0    0]
Wörter: rs.sina, Vorhersage: statisch, Werte: [-0.9970589], [-0.9880783], [-0.9996325], [-0.9991626], [-0.99861395]
Wörter: j, Vorhersage: variabel, Werte: [0.9724172]
Wörter: s.cn:, Vorhersage: statisch, Werte: [-0.98650837], [-0.09738066], [-0.5663411], [-0.8994597]
Wörter: 99 , Vorhersage: variabel, Werte: [0.9996603], [0.9811746]
Wörter: open through proxy , Vorhersage: statisch, Werte: [-0.999948], [-0.9999594], [-0.9994118], [-0.9995995], [-0.99978095], [-0.99967283], [-0.9982589], [-0.99910825]
Wörter: proxy.cse.cuhk.edu.hk:9999 https, Vorhersage: variabel, Werte: [0.9946641], [0.99991083], [1.], [1.], [1.], [1.], [1.], [1.], [1.], [1.], [1.], [1.], [1.], [1.], [1.], [0.9999998], [1.], [1.], [0.99998623], [0.99999905], [0.9999916], [0.99237067]

Log: pic9.zhimg.com:999 close, 9999 bytes (9.99 KB) sent, 9999 bytes (9.99 KB) received, lifetime 99:99
[  45  788   17   15   55  367   42   36   15  271   18   61    2 1213
   13    2   58    2 3307   48    2    9   17   15   57    2 1683   10
    2 1595   13    2   58    2 3307   48    2    9   17   15   57    2
 1683   10    2  289   13    2  192  248  267    2   57   18   57    0
    0    0    0    0    0    0    0    0    0    0    0    0    0    0
    0    0    0    0    0    0    0    0    0    0    0    0    0    0
    0    0    0    0    0    0    0    0    0    0    0    0    0    0
    0    0    0    0    0    0    0    0    0    0    0    0    0    0
    0    0    0    0    0    0    0    0    0    0    0    0    0    0
    0    0    0    0    0    0    0    0    0    0    0    0    0    0
    0    0    0    0    0    0    0    0    0    0    0    0    0    0
    0    0    0    0    0    0    0    0    0    0    0    0    0    0
    0    0    0    0    0]
Wörter: p, Vorhersage: statisch, Werte: [-0.8836387]
Wörter: ic9.zhi, Vorhersage: variabel, Werte: [0.14130044], [0.99991554], [0.9981191], [0.9993041], [0.8855064]
Wörter: m, Vorhersage: statisch, Werte: [-0.80197185]
Wörter: g.com:999 , Vorhersage: variabel, Werte: [0.7011275], [0.96222126], [0.958555], [0.7406217], [0.9999406], [0.99711674]
Wörter: close, , Vorhersage: statisch, Werte: [-0.99999094], [-0.9999932], [-0.9999992]
Wörter: 9999 , Vorhersage: variabel, Werte: [0.99995196], [0.9988405]
Wörter: bytes , Vorhersage: statisch, Werte: [-1.], [-1.], [-1.]
Wörter: (9.99 , Vorhersage: variabel, Werte: [0.31202483], [0.9999569], [0.9994596], [0.9999917], [0.99916655]
Wörter: kb) sent, , Vorhersage: statisch, Werte: [-1.], [-0.99999833], [-0.99997854], [-1.], [-1.], [-1.]
Wörter: 9999 , Vorhersage: variabel, Werte: [0.99994963], [0.99929416]
Wörter: bytes (, Vorhersage: statisch, Werte: [-1.], [-1.], [-1.], [-0.2666731]
Wörter: 9.99 , Vorhersage: variabel, Werte: [0.99936396], [0.96987545], [0.9997757], [0.98520947]
Wörter: kb) received, lifetime , Vorhersage: statisch, Werte: [-1.], [-0.99999803], [-0.9999512], [-1.], [-1.], [-1.], [-0.9790755], [-0.9674384], [-0.99861395], [-0.99963963]
Wörter: 99:99, Vorhersage: variabel, Werte: [1.], [1.], [1.]

Log: ping9.teamviewer.com:999 (IPv9) error : Could not connect through proxy proxy.cse.cuhk.edu.hk:9999 - Proxy server cannot establish a connection with the target, status code 999
[2799   17   15   49  186   42  569   34  931   15  271   18   61    2
    9   86   51   17   10    2  228    2   18    2 1257    2  110    2
  332    2  128 2807  772    2 1376    2 1376   15   32   66   15   32
   50   37   40   15   85   50   15   37   40   18   58    2   14    2
 1376    2  542    2 1552    2  405    2   30    2  351    2  384    2
  136    2 1137   13    2  476    2  523    2   61    0    0    0    0
    0    0    0    0    0    0    0    0    0    0    0    0    0    0
    0    0    0    0    0    0    0    0    0    0    0    0    0    0
    0    0    0    0    0    0    0    0    0    0    0    0    0    0
    0    0    0    0    0    0    0    0    0    0    0    0    0    0
    0    0    0    0    0    0    0    0    0    0    0    0    0    0
    0    0    0    0    0    0    0    0    0    0    0    0    0    0
    0    0    0    0    0]
Wörter: ping9.teamviewer.com:999 (ipv9) , Vorhersage: variabel, Werte: [0.99636006], [1.], [1.], [0.9999985], [0.9999092], [0.74481803], [0.94329363], [0.9999726], [0.9890069], [0.99910676], [0.9983106], [0.99695694], [1.], [0.9999972], [0.99993247], [0.9997324], [0.9995365], [0.99999225], [0.99982107], [0.999956]
Wörter: error : could not connect through proxy , Vorhersage: statisch, Werte: [-0.99984396], [-0.99991953], [-0.99967825], [-0.9998532], [-0.99896795], [-0.9997511], [-0.99967045], [-0.9996925], [-0.99862367], [-0.9992672], [-0.9935302], [-0.9973581], [-0.9990668], [-0.9987428], [-0.9955084], [-0.9961675]
Wörter: proxy.cse.cuhk.edu.hk:9999 , Vorhersage: variabel, Werte: [0.97831184], [0.99982977], [1.], [0.9999987], [1.], [1.], [1.], [1.], [1.], [1.], [1.], [1.], [1.], [1.], [1.], [0.99999756], [1.], [1.]
Wörter: - proxy server cannot establish a connection with the target, status code , Vorhersage: statisch, Werte: [-0.9661125], [-0.9883556], [-0.9994303], [-0.9997984], [-0.999953], [-0.99995637], [-0.9999963], [-0.9999989], [-0.99999833], [-0.9999995], [-0.9999915], [-0.9999967], [-0.9999939], [-0.9999986], [-1.], [-1.], [-1.], [-1.], [-0.9999974], [-0.99999416], [-0.9999967], [-0.99964476], [-0.9997975], [-0.99999875], [-1.]
Wörter: 999, Vorhersage: variabel, Werte: [0.9998025]

Log: Component State Change: Component \999alt9\999 is in the unavailable state (HWID=9999)
[319   2 264   2 382  18   2 319   2  26  61 616  17  26  61   2 198   2
  65   2 136   2 378   2 264   2   9 429  21  58  10   0   0   0   0   0
   0   0   0   0   0   0   0   0   0   0   0   0   0   0   0   0   0   0
   0   0   0   0   0   0   0   0   0   0   0   0   0   0   0   0   0   0
   0   0   0   0   0   0   0   0   0   0   0   0   0   0   0   0   0   0
   0   0   0   0   0   0   0   0   0   0   0   0   0   0   0   0   0   0
   0   0   0   0   0   0   0   0   0   0   0   0   0   0   0   0   0   0
   0   0   0   0   0   0   0   0   0   0   0   0   0   0   0   0   0   0
   0   0   0   0   0   0   0   0   0   0   0   0   0   0   0   0   0   0
   0   0   0   0   0   0   0   0   0   0   0]
Wörter: component state change: component , Vorhersage: statisch, Werte: [-1.], [-1.], [-1.], [-1.], [-1.], [-1.], [-1.], [-0.9999986], [-1.]
Wörter: \999alt9\999 , Vorhersage: variabel, Werte: [1.], [1.], [1.], [1.], [0.99999917], [1.], [0.99995774]
Wörter: is in the unavailable state , Vorhersage: statisch, Werte: [-1.], [-1.], [-1.], [-1.], [-1.], [-1.], [-0.99999565], [-1.], [-0.99996734], [-0.9999993]
Wörter: (hwid=9999), Vorhersage: variabel, Werte: [0.9997248], [0.9999993], [0.99998736], [1.], [0.9998205]

Log: unix.hw state_change.unavailable 9999999999 9 Component State Change: Component \999alt9\999 is in the unavailable state (HWID=9999)
[508  15 503   2 264  28 382  15 378   2 281   2  17   2 319   2 264   2
 382  18   2 319   2  26  61 616  17  26  61   2 198   2  65   2 136   2
 378   2 264   2   9 429  21  58  10   0   0   0   0   0   0   0   0   0
   0   0   0   0   0   0   0   0   0   0   0   0   0   0   0   0   0   0
   0   0   0   0   0   0   0   0   0   0   0   0   0   0   0   0   0   0
   0   0   0   0   0   0   0   0   0   0   0   0   0   0   0   0   0   0
   0   0   0   0   0   0   0   0   0   0   0   0   0   0   0   0   0   0
   0   0   0   0   0   0   0   0   0   0   0   0   0   0   0   0   0   0
   0   0   0   0   0   0   0   0   0   0   0   0   0   0   0   0   0   0
   0   0   0   0   0   0   0   0   0   0   0]
Wörter: unix.hw state_change.unavailable 9999999999 9 , Vorhersage: variabel, Werte: [0.9995515], [0.9997576], [0.998943], [0.99976194], [0.99863255], [0.9999992], [0.99995893], [0.99999785], [1.], [1.], [1.], [0.99999905], [1.], [0.9999982]
Wörter: component state change: component , Vorhersage: statisch, Werte: [-1.], [-1.], [-0.9999989], [-0.9999991], [-0.9999952], [-0.99999565], [-0.9999958], [-0.9999479], [-0.99998564]
Wörter: \999alt9\999 , Vorhersage: variabel, Werte: [1.], [1.], [1.], [1.], [0.9999993], [1.], [0.9999865]
Wörter: is in the unavailable state , Vorhersage: statisch, Werte: [-1.], [-1.], [-1.], [-1.], [-1.], [-1.], [-0.9999948], [-1.], [-0.9999661], [-0.9999992]
Wörter: (hwid=9999), Vorhersage: variabel, Werte: [0.99970555], [0.99999917], [0.9999868], [1.], [0.9998212]

Log: node-999 node status 9999999999 9 configured out
[  71   14   61    2   71    2  476    2  281    2   17    2 1347    2
  266    0    0    0    0    0    0    0    0    0    0    0    0    0
    0    0    0    0    0    0    0    0    0    0    0    0    0    0
    0    0    0    0    0    0    0    0    0    0    0    0    0    0
    0    0    0    0    0    0    0    0    0    0    0    0    0    0
    0    0    0    0    0    0    0    0    0    0    0    0    0    0
    0    0    0    0    0    0    0    0    0    0    0    0    0    0
    0    0    0    0    0    0    0    0    0    0    0    0    0    0
    0    0    0    0    0    0    0    0    0    0    0    0    0    0
    0    0    0    0    0    0    0    0    0    0    0    0    0    0
    0    0    0    0    0    0    0    0    0    0    0    0    0    0
    0    0    0    0    0    0    0    0    0    0    0    0    0    0
    0    0    0    0    0]
Wörter: node-999 node status 9999999999 9 , Vorhersage: variabel, Werte: [0.99989223], [0.9999747], [1.], [0.99999964], [0.9997314], [0.9995587], [1.], [1.], [1.], [1.], [1.], [1.]
Wörter: configured out, Vorhersage: statisch, Werte: [-0.9996427], [-0.9999598], [-0.9999794]

Log: My election bind port: 9.9.9.9/9.9.9.9:9999
[1075    2 1217    2 3552    2  928   18    2   17   15   17   15   17
   15   17   16   17   15   17   15   17   15   17   18   58    0    0
    0    0    0    0    0    0    0    0    0    0    0    0    0    0
    0    0    0    0    0    0    0    0    0    0    0    0    0    0
    0    0    0    0    0    0    0    0    0    0    0    0    0    0
    0    0    0    0    0    0    0    0    0    0    0    0    0    0
    0    0    0    0    0    0    0    0    0    0    0    0    0    0
    0    0    0    0    0    0    0    0    0    0    0    0    0    0
    0    0    0    0    0    0    0    0    0    0    0    0    0    0
    0    0    0    0    0    0    0    0    0    0    0    0    0    0
    0    0    0    0    0    0    0    0    0    0    0    0    0    0
    0    0    0    0    0    0    0    0    0    0    0    0    0    0
    0    0    0    0    0]
Wörter: my election bind port: , Vorhersage: statisch, Werte: [-0.99999803], [-0.99999875], [-1.], [-1.], [-1.], [-1.], [-1.], [-1.], [-1.]
Wörter: 9.9.9.9/9.9.9.9:9999, Vorhersage: variabel, Werte: [1.], [1.], [1.], [1.], [1.], [1.], [1.], [1.], [1.], [1.], [1.], [1.], [1.], [1.], [1.], [1.], [1.]

Log: Closed socket connection for client /99.99.99.99:99999 which had sessionid 9x99f9a99999b999e
[412   2 400   2 351   2 131   2 276   2  16  57  15  57  15  57  15  57
  18  67   2 413   2 417   2 282   2  17  53  57  35  17  30  67  31  61
  34   0   0   0   0   0   0   0   0   0   0   0   0   0   0   0   0   0
   0   0   0   0   0   0   0   0   0   0   0   0   0   0   0   0   0   0
   0   0   0   0   0   0   0   0   0   0   0   0   0   0   0   0   0   0
   0   0   0   0   0   0   0   0   0   0   0   0   0   0   0   0   0   0
   0   0   0   0   0   0   0   0   0   0   0   0   0   0   0   0   0   0
   0   0   0   0   0   0   0   0   0   0   0   0   0   0   0   0   0   0
   0   0   0   0   0   0   0   0   0   0   0   0   0   0   0   0   0   0
   0   0   0   0   0   0   0   0   0   0   0]
Wörter: closed socket connection for client , Vorhersage: statisch, Werte: [-1.], [-1.], [-1.], [-1.], [-1.], [-1.], [-1.], [-1.], [-1.], [-1.]
Wörter: /99.99.99.99:99999 , Vorhersage: variabel, Werte: [0.99999684], [1.], [1.], [1.], [1.], [1.], [1.], [1.], [0.99999785], [0.99999285], [0.9998648]
Wörter: which had sessionid , Vorhersage: statisch, Werte: [-1.], [-1.], [-1.], [-1.], [-0.99999624], [-0.99999946]
Wörter: 9x99f9a99999b999e, Vorhersage: variabel, Werte: [1.], [1.], [1.], [1.], [1.], [1.], [1.], [1.], [1.], [1.]

Log: caught end of stream exception
[1139    2  763    2  133    2  924    2  439    0    0    0    0    0
    0    0    0    0    0    0    0    0    0    0    0    0    0    0
    0    0    0    0    0    0    0    0    0    0    0    0    0    0
    0    0    0    0    0    0    0    0    0    0    0    0    0    0
    0    0    0    0    0    0    0    0    0    0    0    0    0    0
    0    0    0    0    0    0    0    0    0    0    0    0    0    0
    0    0    0    0    0    0    0    0    0    0    0    0    0    0
    0    0    0    0    0    0    0    0    0    0    0    0    0    0
    0    0    0    0    0    0    0    0    0    0    0    0    0    0
    0    0    0    0    0    0    0    0    0    0    0    0    0    0
    0    0    0    0    0    0    0    0    0    0    0    0    0    0
    0    0    0    0    0    0    0    0    0    0    0    0    0    0
    0    0    0    0    0]
Wörter: caught end of stream exception, Vorhersage: statisch, Werte: [-0.99946976], [-0.99996114], [-0.9352141], [-0.9989048], [-0.9816667], [-0.9999785], [-0.99904186], [-0.999996], [-0.9999852]
Model: "sequential"
┏━━━━━━━━━━━━━━━━━━━━━━━━━━━━━━━━━━━━━━┳━━━━━━━━━━━━━━━━━━━━━━━━━━━━━┳━━━━━━━━━━━━━━━━━┓
┃ Layer (type)                         ┃ Output Shape                ┃         Param # ┃
┡━━━━━━━━━━━━━━━━━━━━━━━━━━━━━━━━━━━━━━╇━━━━━━━━━━━━━━━━━━━━━━━━━━━━━╇━━━━━━━━━━━━━━━━━┩
│ embedding (Embedding)                │ (None, 173, 64)             │         247,872 │
├──────────────────────────────────────┼─────────────────────────────┼─────────────────┤
│ bidirectional (Bidirectional)        │ (None, 173, 256)            │         148,992 │
├──────────────────────────────────────┼─────────────────────────────┼─────────────────┤
│ time_distributed (TimeDistributed)   │ (None, 173, 128)            │          32,896 │
├──────────────────────────────────────┼─────────────────────────────┼─────────────────┤
│ dropout (Dropout)                    │ (None, 173, 128)            │               0 │
├──────────────────────────────────────┼─────────────────────────────┼─────────────────┤
│ time_distributed_1 (TimeDistributed) │ (None, 173, 1)              │             129 │
└──────────────────────────────────────┴─────────────────────────────┴─────────────────┘
 Total params: 1,289,669 (4.92 MB)
 Trainable params: 429,889 (1.64 MB)
 Non-trainable params: 0 (0.00 B)
 Optimizer params: 859,780 (3.28 MB)

Training auf folgende Datei: Datensätze/Vorbereitete Daten - Beispiel/zookeeper_v1/2k/Zookeeper_2k_evaluate_content.txt
Total Trainings-Loss: [0.012257782742381096, 0.0016784288454800844, 0.0011007676366716623, 0.0008949555340223014, 0.0005636109854094684, 0.00048825397971086204, 0.0004135252966079861, 0.00035812397254630923, 0.00033492784132249653, 0.0002653460542205721]
Total Trainings-Accuracy: [0.9185775518417358, 0.9238320589065552, 0.9239917993545532, 0.924072265625, 0.9241617321968079, 0.9241894483566284, 0.9242082238197327, 0.9242191910743713, 0.9242256283760071, 0.9242453575134277]
Total Validierungs-Loss: [0.00269690970890224, 0.0017293217824772, 0.0012583470670506358, 0.0013732824008911848, 0.001472105155698955, 0.001304179080761969, 0.001030023442581296, 0.000907906040083617, 0.0010932477889582515, 0.0008609915967099369]
Total Validierungs-Accuracy: [0.924380362033844, 0.9248893857002258, 0.9251608848571777, 0.9251156449317932, 0.925047755241394, 0.9251043796539307, 0.9251382350921631, 0.9251608848571777, 0.9251608848571777, 0.9252400994300842]
