Loss: 0.10043837130069733, Accuracy: 0.8881056904792786
[ 14   2 680   2 857   6  43   7   2 400   2 265   2 545   2  62   2 907
   2  14  10   2 791   2  14  10   2 896   2  14   0   0   0   0   0   0
   0   0   0   0   0   0   0   0   0   0   0   0   0   0   0   0   0   0
   0   0   0   0   0   0   0   0   0   0   0   0   0   0   0   0   0   0
   0   0   0   0   0   0   0   0   0   0   0   0   0   0   0   0   0   0
   0   0   0   0   0   0   0   0   0   0   0   0   0   0   0   0   0   0
   0   0   0   0   0   0   0   0   0   0   0   0   0   0   0   0   0   0
   0   0   0   0   0   0   0   0   0   0   0   0   0   0   0   0   0   0
   0   0   0   0   0   0   0   0   0   0   0   0   0   0   0   0   0   0
   0   0   0   0   0   0   0   0   0]
Wörter: 9 , Vorhersage: variabel, Werte: [0.96933126], [0.9885196]
Wörter: ddr errors(s) detected and corrected on rank , Vorhersage: statisch, Werte: [-0.9873995], [-0.9963355], [-0.9102904], [-0.98033625], [-0.9969889], [-0.9978269], [-0.9977117], [-0.99777097], [-0.99978095], [-0.99966955], [-0.99977815], [-0.99998856], [-0.9999697], [-0.9988384], [-0.9996725], [-0.99431807], [-0.99888724]
Wörter: 9, , Vorhersage: variabel, Werte: [0.8957672], [0.9989144], [0.9923342]
Wörter: symbol , Vorhersage: statisch, Werte: [-0.9781225], [-0.9959646]
Wörter: 9, bit 9, Vorhersage: variabel, Werte: [0.998653], [0.99998057], [0.9998956], [0.97290814], [0.79301167], [0.9999874]
[712   2 986   2 885   2 219   2 545   0   0   0   0   0   0   0   0   0
   0   0   0   0   0   0   0   0   0   0   0   0   0   0   0   0   0   0
   0   0   0   0   0   0   0   0   0   0   0   0   0   0   0   0   0   0
   0   0   0   0   0   0   0   0   0   0   0   0   0   0   0   0   0   0
   0   0   0   0   0   0   0   0   0   0   0   0   0   0   0   0   0   0
   0   0   0   0   0   0   0   0   0   0   0   0   0   0   0   0   0   0
   0   0   0   0   0   0   0   0   0   0   0   0   0   0   0   0   0   0
   0   0   0   0   0   0   0   0   0   0   0   0   0   0   0   0   0   0
   0   0   0   0   0   0   0   0   0   0   0   0   0   0   0   0   0   0
   0   0   0   0   0   0   0   0   0]
Wörter: instruction cache parity error corrected, Vorhersage: statisch, Werte: [-0.9994936], [-0.99977535], [-0.999898], [-0.9999116], [-0.9998527], [-0.9999797], [-0.999827], [-0.99991286], [-0.9994834]
[1245    2  126    2   51    2  680    2  219    6   43    7    2  400
    2  265    2  545    0    0    0    0    0    0    0    0    0    0
    0    0    0    0    0    0    0    0    0    0    0    0    0    0
    0    0    0    0    0    0    0    0    0    0    0    0    0    0
    0    0    0    0    0    0    0    0    0    0    0    0    0    0
    0    0    0    0    0    0    0    0    0    0    0    0    0    0
    0    0    0    0    0    0    0    0    0    0    0    0    0    0
    0    0    0    0    0    0    0    0    0    0    0    0    0    0
    0    0    0    0    0    0    0    0    0    0    0    0    0    0
    0    0    0    0    0    0    0    0    0    0    0    0    0    0
    0    0    0    0    0    0    0    0    0    0    0    0    0    0
    0    0    0    0    0    0    0    0    0    0    0    0    0    0
    0    0    0]
Wörter: total of , Vorhersage: statisch, Werte: [-0.991103], [-0.9973297], [-0.9745473], [-0.9946712]
Wörter: 99 , Vorhersage: variabel, Werte: [0.99959075], [0.99829257]
Wörter: ddr error(s) detected and corrected, Vorhersage: statisch, Werte: [-0.9944411], [-0.9981607], [-0.949217], [-0.987649], [-0.99757814], [-0.9981303], [-0.99842024], [-0.99783003], [-0.9998487], [-0.99971944], [-0.99968624], [-0.99895126]
[ 51  12  53  12  14  12  14  15  57   2 149   2  65   2  73  24  11 220
   2  66   2  13  51  12  53  12  14  12  14   0   0   0   0   0   0   0
   0   0   0   0   0   0   0   0   0   0   0   0   0   0   0   0   0   0
   0   0   0   0   0   0   0   0   0   0   0   0   0   0   0   0   0   0
   0   0   0   0   0   0   0   0   0   0   0   0   0   0   0   0   0   0
   0   0   0   0   0   0   0   0   0   0   0   0   0   0   0   0   0   0
   0   0   0   0   0   0   0   0   0   0   0   0   0   0   0   0   0   0
   0   0   0   0   0   0   0   0   0   0   0   0   0   0   0   0   0   0
   0   0   0   0   0   0   0   0   0   0   0   0   0   0   0   0   0   0
   0   0   0   0   0   0   0   0   0]
Wörter: 99.999.9.9:99999 served block blk_-99999999999999999 to /99.999.9.9, Vorhersage: variabel, Werte: [1.], [1.], [1.], [1.], [1.], [1.], [1.], [1.], [1.], [1.], [1.], [1.], [1.], [1.], [1.], [1.], [1.], [1.], [1.], [1.], [1.], [1.], [1.], [1.], [1.], [1.], [1.], [1.], [1.]
[ 65   8   2 186  12 413  15   2  13 575  13 578  13 971  13 933  13 522
  24 403  24  52  13 522  12 946  12   2  73  24 107   0   0   0   0   0
   0   0   0   0   0   0   0   0   0   0   0   0   0   0   0   0   0   0
   0   0   0   0   0   0   0   0   0   0   0   0   0   0   0   0   0   0
   0   0   0   0   0   0   0   0   0   0   0   0   0   0   0   0   0   0
   0   0   0   0   0   0   0   0   0   0   0   0   0   0   0   0   0   0
   0   0   0   0   0   0   0   0   0   0   0   0   0   0   0   0   0   0
   0   0   0   0   0   0   0   0   0   0   0   0   0   0   0   0   0   0
   0   0   0   0   0   0   0   0   0   0   0   0   0   0   0   0   0   0
   0   0   0   0   0   0   0   0   0]
Wörter: block* namesystem.allocateblock: /mnt/hadoop/mapred/system/job_999999999999_9999/job.jar. blk_9999999999999999999, Vorhersage: variabel, Werte: [0.99998486], [0.9999987], [0.9999997], [1.], [1.], [0.99999], [0.99998534], [0.9999984], [1.], [1.], [1.], [1.], [1.], [1.], [1.], [1.], [1.], [1.], [1.], [1.], [1.], [1.], [1.], [1.], [1.], [1.], [1.], [1.], [1.], [1.], [1.]
[ 51  12  53  12  51  12  53  15  57   2 223   2 229   2  66   2 231   2
  65   2  73  24  11 107   2  66   2  51  12  53  12  53  12  53  15  57
  10   2  51  12  53  12  51  12  53  15  57   0   0   0   0   0   0   0
   0   0   0   0   0   0   0   0   0   0   0   0   0   0   0   0   0   0
   0   0   0   0   0   0   0   0   0   0   0   0   0   0   0   0   0   0
   0   0   0   0   0   0   0   0   0   0   0   0   0   0   0   0   0   0
   0   0   0   0   0   0   0   0   0   0   0   0   0   0   0   0   0   0
   0   0   0   0   0   0   0   0   0   0   0   0   0   0   0   0   0   0
   0   0   0   0   0   0   0   0   0   0   0   0   0   0   0   0   0   0
   0   0   0   0   0   0   0   0   0]
Wörter: 99.999.99.999:99999 starting thread to transfer block blk_-9999999999999999999 to 99.999.999.999:99999, 99.999.99.999:99999, Vorhersage: variabel, Werte: [1.], [1.], [1.], [1.], [1.], [1.], [1.], [1.], [1.], [1.], [1.], [1.], [1.], [1.], [0.9999991], [0.99999946], [1.], [1.], [1.], [1.], [1.], [1.], [1.], [1.], [1.], [1.], [1.], [1.], [1.], [1.], [1.], [1.], [1.], [1.], [1.], [1.], [1.], [1.], [1.], [1.], [1.], [1.], [1.], [1.], [1.], [1.], [1.]
[2302   12 1200   12  471   15   51    2  179    2  172    2   98    2
   98   12  153   12  154   12  145   12   95   15   52    2  183    0
    0    0    0    0    0    0    0    0    0    0    0    0    0    0
    0    0    0    0    0    0    0    0    0    0    0    0    0    0
    0    0    0    0    0    0    0    0    0    0    0    0    0    0
    0    0    0    0    0    0    0    0    0    0    0    0    0    0
    0    0    0    0    0    0    0    0    0    0    0    0    0    0
    0    0    0    0    0    0    0    0    0    0    0    0    0    0
    0    0    0    0    0    0    0    0    0    0    0    0    0    0
    0    0    0    0    0    0    0    0    0    0    0    0    0    0
    0    0    0    0    0    0    0    0    0    0    0    0    0    0
    0    0    0    0    0    0    0    0    0    0    0    0    0    0
    0    0    0]
Wörter: rs.sinajs.cn:99 open through proxy proxy.cse.cuhk.edu.hk:9999 https, Vorhersage: variabel, Werte: [0.999932], [0.99999803], [0.99999374], [0.99999964], [0.99999964], [1.], [1.], [1.], [1.], [1.], [1.], [1.], [1.], [1.], [1.], [1.], [1.], [1.], [1.], [1.], [1.], [1.], [1.], [1.], [1.], [1.], [0.9999981]
[1062   14   12 1682   12   93   15   53    2  187   10    2   52    2
  121    2    6   14   12   51    2  124    7    2  185   10    2   52
    2  121    2    6   14   12   51    2  124    7    2  128   10    2
  189    2   51   15   51    0    0    0    0    0    0    0    0    0
    0    0    0    0    0    0    0    0    0    0    0    0    0    0
    0    0    0    0    0    0    0    0    0    0    0    0    0    0
    0    0    0    0    0    0    0    0    0    0    0    0    0    0
    0    0    0    0    0    0    0    0    0    0    0    0    0    0
    0    0    0    0    0    0    0    0    0    0    0    0    0    0
    0    0    0    0    0    0    0    0    0    0    0    0    0    0
    0    0    0    0    0    0    0    0    0    0    0    0    0    0
    0    0    0    0    0    0    0    0    0    0    0    0    0    0
    0    0    0]
Wörter: pic9.zhimg.com:999 close, 9999 bytes (9.99 kb) sent, 9999 bytes (9.99 kb) received, lifetime 99:99, Vorhersage: variabel, Werte: [0.99995923], [1.], [1.], [1.], [1.], [1.], [1.], [1.], [1.], [1.], [1.], [1.], [1.], [1.], [1.], [1.], [1.], [1.], [1.], [1.], [1.], [1.], [1.], [1.], [1.], [1.], [1.], [1.], [1.], [1.], [1.], [1.], [1.], [1.], [1.], [1.], [1.], [1.], [1.], [1.], [1.], [1.], [1.], [1.], [1.], [1.], [1.]
[1317   14   12 1149   12   93   15   53    2    6 1657   14    7    2
  219    2   15    2  401    2  242    2  419    2  172    2   98    2
   98   12  153   12  154   12  145   12   95   15   52    2   11    2
   98    2  243    2  593    2  269    2   25    2  235    2  263    2
  270    2  614   10    2  422    2  532    2   53    0    0    0    0
    0    0    0    0    0    0    0    0    0    0    0    0    0    0
    0    0    0    0    0    0    0    0    0    0    0    0    0    0
    0    0    0    0    0    0    0    0    0    0    0    0    0    0
    0    0    0    0    0    0    0    0    0    0    0    0    0    0
    0    0    0    0    0    0    0    0    0    0    0    0    0    0
    0    0    0    0    0    0    0    0    0    0    0    0    0    0
    0    0    0    0    0    0    0    0    0    0    0    0    0    0
    0    0    0]
Wörter: ping9.teamviewer.com:999 (ipv9) error : could not connect through proxy proxy.cse.cuhk.edu.hk:9999 - proxy server cannot establish a connection with the target, status code 999, Vorhersage: variabel, Werte: [0.99998873], [1.], [1.], [1.], [1.], [1.], [1.], [1.], [1.], [0.99999887], [0.99999136], [1.], [0.9999997], [1.], [0.9998409], [0.99988246], [0.9999971], [0.99999934], [1.], [1.], [1.], [1.], [1.], [1.], [1.], [1.], [1.], [1.], [1.], [1.], [1.], [1.], [1.], [1.], [1.], [1.], [1.], [1.], [1.], [1.], [1.], [1.], [1.], [1.], [1.], [1.], [0.99999285], [0.9999977], [0.99999917], [0.9999999], [1.], [1.], [1.], [1.], [0.99999774], [0.9999994], [0.9999456], [0.9999926], [1.], [1.], [1.], [1.], [1.], [1.], [0.9999997], [1.]
[234   2 201   2 276  15   2 234   2  22  53 511  14  22  53   2 104   2
  77   2 270   2 283   2 201   2   6 352  18  52   7   0   0   0   0   0
   0   0   0   0   0   0   0   0   0   0   0   0   0   0   0   0   0   0
   0   0   0   0   0   0   0   0   0   0   0   0   0   0   0   0   0   0
   0   0   0   0   0   0   0   0   0   0   0   0   0   0   0   0   0   0
   0   0   0   0   0   0   0   0   0   0   0   0   0   0   0   0   0   0
   0   0   0   0   0   0   0   0   0   0   0   0   0   0   0   0   0   0
   0   0   0   0   0   0   0   0   0   0   0   0   0   0   0   0   0   0
   0   0   0   0   0   0   0   0   0   0   0   0   0   0   0   0   0   0
   0   0   0   0   0   0   0   0   0]
Wörter: component state change: component \999alt9\999 is in the unavailable state (hwid=9999), Vorhersage: variabel, Werte: [0.99977815], [0.999723], [0.99451435], [0.99896985], [0.999993], [0.9999927], [0.9999993], [1.], [1.], [1.], [1.], [1.], [1.], [1.], [1.], [1.], [0.99999666], [0.9999993], [0.99987286], [0.99987465], [0.9991713], [0.9997732], [0.99999535], [0.9999952], [0.99975437], [0.9999842], [0.9999994], [1.], [1.], [1.], [1.]
[414  12 420   2 201  24 276  12 283   2 207   2  14   2 234   2 201   2
 276  15   2 234   2  22  53 511  14  22  53   2 104   2  77   2 270   2
 283   2 201   2   6 352  18  52   7   0   0   0   0   0   0   0   0   0
   0   0   0   0   0   0   0   0   0   0   0   0   0   0   0   0   0   0
   0   0   0   0   0   0   0   0   0   0   0   0   0   0   0   0   0   0
   0   0   0   0   0   0   0   0   0   0   0   0   0   0   0   0   0   0
   0   0   0   0   0   0   0   0   0   0   0   0   0   0   0   0   0   0
   0   0   0   0   0   0   0   0   0   0   0   0   0   0   0   0   0   0
   0   0   0   0   0   0   0   0   0   0   0   0   0   0   0   0   0   0
   0   0   0   0   0   0   0   0   0]
Wörter: unix.hw state_change.unavailable 9999999999 9 component state change: component \999alt9\999 is in the unavailable state (hwid=9999), Vorhersage: variabel, Werte: [0.9998978], [0.99998945], [0.9999798], [0.99999106], [0.99999475], [1.], [1.], [1.], [1.], [1.], [1.], [1.], [1.], [1.], [1.], [1.], [0.99999684], [0.99999964], [1.], [1.], [1.], [1.], [1.], [1.], [1.], [1.], [1.], [1.], [1.], [1.], [0.99999905], [1.], [0.99996024], [0.99997276], [0.9997258], [0.99994653], [0.9999982], [0.9999986], [0.999904], [0.99999464], [1.], [1.], [1.], [1.], [1.]
[  74   11   53    2   74    2  422    2  207    2   14    2 1031    2
  181    0    0    0    0    0    0    0    0    0    0    0    0    0
    0    0    0    0    0    0    0    0    0    0    0    0    0    0
    0    0    0    0    0    0    0    0    0    0    0    0    0    0
    0    0    0    0    0    0    0    0    0    0    0    0    0    0
    0    0    0    0    0    0    0    0    0    0    0    0    0    0
    0    0    0    0    0    0    0    0    0    0    0    0    0    0
    0    0    0    0    0    0    0    0    0    0    0    0    0    0
    0    0    0    0    0    0    0    0    0    0    0    0    0    0
    0    0    0    0    0    0    0    0    0    0    0    0    0    0
    0    0    0    0    0    0    0    0    0    0    0    0    0    0
    0    0    0    0    0    0    0    0    0    0    0    0    0    0
    0    0    0]
Wörter: node-999 node status 9999999999 9 configured out, Vorhersage: variabel, Werte: [0.998881], [0.9999607], [1.], [1.], [0.9999842], [0.99998456], [0.9999998], [1.], [1.], [1.], [1.], [1.], [0.9999997], [0.99999905], [0.9999997]
[ 948    2  939    2 2745    2 1572   15    2   14   12   14   12   14
   12   14   13   14   12   14   12   14   12   14   15   52    0    0
    0    0    0    0    0    0    0    0    0    0    0    0    0    0
    0    0    0    0    0    0    0    0    0    0    0    0    0    0
    0    0    0    0    0    0    0    0    0    0    0    0    0    0
    0    0    0    0    0    0    0    0    0    0    0    0    0    0
    0    0    0    0    0    0    0    0    0    0    0    0    0    0
    0    0    0    0    0    0    0    0    0    0    0    0    0    0
    0    0    0    0    0    0    0    0    0    0    0    0    0    0
    0    0    0    0    0    0    0    0    0    0    0    0    0    0
    0    0    0    0    0    0    0    0    0    0    0    0    0    0
    0    0    0    0    0    0    0    0    0    0    0    0    0    0
    0    0    0]
Wörter: my election bind port: 9.9.9.9/9.9.9.9:9999, Vorhersage: variabel, Werte: [0.97162336], [0.96715146], [0.99977905], [0.9995775], [0.9985911], [0.9989357], [0.9892558], [0.997949], [0.99991846], [1.], [1.], [1.], [1.], [1.], [1.], [1.], [1.], [1.], [1.], [1.], [1.], [1.], [1.], [1.], [1.], [1.]
[303   2 319   2 235   2 112   2 178   2  13  51  12  51  12  51  12  51
  15  57   2 335   2 273   2 197   2  14  48  51  30  14  25  57  26  53
  29   0   0   0   0   0   0   0   0   0   0   0   0   0   0   0   0   0
   0   0   0   0   0   0   0   0   0   0   0   0   0   0   0   0   0   0
   0   0   0   0   0   0   0   0   0   0   0   0   0   0   0   0   0   0
   0   0   0   0   0   0   0   0   0   0   0   0   0   0   0   0   0   0
   0   0   0   0   0   0   0   0   0   0   0   0   0   0   0   0   0   0
   0   0   0   0   0   0   0   0   0   0   0   0   0   0   0   0   0   0
   0   0   0   0   0   0   0   0   0   0   0   0   0   0   0   0   0   0
   0   0   0   0   0   0   0   0   0]
Wörter: closed socket connection for client /99.99.99.99:99999 which had sessionid 9x99f9a99999b999e, Vorhersage: variabel, Werte: [0.9999834], [0.9999744], [0.99998665], [0.9999962], [1.], [1.], [0.99999917], [0.99999964], [1.], [1.], [1.], [1.], [1.], [1.], [1.], [1.], [1.], [1.], [1.], [1.], [1.], [1.], [1.], [1.], [1.], [1.], [1.], [1.], [1.], [1.], [1.], [1.], [1.], [1.], [1.], [1.], [1.]
[1722    2 1042    2  126    2  890    2  421    0    0    0    0    0
    0    0    0    0    0    0    0    0    0    0    0    0    0    0
    0    0    0    0    0    0    0    0    0    0    0    0    0    0
    0    0    0    0    0    0    0    0    0    0    0    0    0    0
    0    0    0    0    0    0    0    0    0    0    0    0    0    0
    0    0    0    0    0    0    0    0    0    0    0    0    0    0
    0    0    0    0    0    0    0    0    0    0    0    0    0    0
    0    0    0    0    0    0    0    0    0    0    0    0    0    0
    0    0    0    0    0    0    0    0    0    0    0    0    0    0
    0    0    0    0    0    0    0    0    0    0    0    0    0    0
    0    0    0    0    0    0    0    0    0    0    0    0    0    0
    0    0    0    0    0    0    0    0    0    0    0    0    0    0
    0    0    0]
Wörter: caught end of stream exception, Vorhersage: statisch, Werte: [-0.9967883], [-0.99828815], [-0.9556861], [-0.9901323], [-0.9098714], [-0.9844835], [-0.9116859], [-0.98386145], [-0.14012085]
Model: "sequential"
┏━━━━━━━━━━━━━━━━━━━━━━━━━━━━━━━━━━━━━━┳━━━━━━━━━━━━━━━━━━━━━━━━━━━━━┳━━━━━━━━━━━━━━━━━┓
┃ Layer (type)                         ┃ Output Shape                ┃         Param # ┃
┡━━━━━━━━━━━━━━━━━━━━━━━━━━━━━━━━━━━━━━╇━━━━━━━━━━━━━━━━━━━━━━━━━━━━━╇━━━━━━━━━━━━━━━━━┩
│ embedding (Embedding)                │ (None, 171, 64)             │         184,768 │
├──────────────────────────────────────┼─────────────────────────────┼─────────────────┤
│ bidirectional (Bidirectional)        │ (None, 171, 256)            │         148,992 │
├──────────────────────────────────────┼─────────────────────────────┼─────────────────┤
│ time_distributed (TimeDistributed)   │ (None, 171, 128)            │          32,896 │
├──────────────────────────────────────┼─────────────────────────────┼─────────────────┤
│ dropout (Dropout)                    │ (None, 171, 128)            │               0 │
├──────────────────────────────────────┼─────────────────────────────┼─────────────────┤
│ time_distributed_1 (TimeDistributed) │ (None, 171, 1)              │             129 │
└──────────────────────────────────────┴─────────────────────────────┴─────────────────┘
 Total params: 1,100,357 (4.20 MB)
 Trainable params: 366,785 (1.40 MB)
 Non-trainable params: 0 (0.00 B)
 Optimizer params: 733,572 (2.80 MB)

Training auf folgende Datei: Datensätze/Vorbereitete Daten/zookeeper_v1/unique_data/content_list_zookeeper.txt
Total Trainings-Loss: [0.16592702269554138, 0.1497817039489746, 0.1438697874546051, 0.10805836319923401, 0.10413301736116409, 0.10346043854951859, 0.10308466851711273, 0.10278695821762085, 0.10263164341449738, 0.10252899676561356]
Total Trainings-Accuracy: [0.8810575604438782, 0.8861343860626221, 0.8857436180114746, 0.8852657079696655, 0.8857492208480835, 0.8858560919761658, 0.8859131932258606, 0.8859673738479614, 0.8860020041465759, 0.8860297799110413]
Total Validierungs-Loss: [0.15158423781394958, 0.1514521837234497, 0.11488551646471024, 0.1016291081905365, 0.10122683644294739, 0.10073881596326828, 0.10080654174089432, 0.10059424489736557, 0.10050904750823975, 0.10043834149837494]
Total Validierungs-Accuracy: [0.8883159756660461, 0.8883159756660461, 0.8875075578689575, 0.8879100680351257, 0.888051450252533, 0.8880370855331421, 0.888094961643219, 0.8880261778831482, 0.888073205947876, 0.8881058096885681]
