Loss: 0.10212204605340958, Accuracy: 0.88797527551651
[ 14   2 680   2 857   6  43   7   2 400   2 265   2 545   2  62   2 907
   2  14  10   2 791   2  14  10   2 896   2  14   0   0   0   0   0   0
   0   0   0   0   0   0   0   0   0   0   0   0   0   0   0   0   0   0
   0   0   0   0   0   0   0   0   0   0   0   0   0   0   0   0   0   0
   0   0   0   0   0   0   0   0   0   0   0   0   0   0   0   0   0   0
   0   0   0   0   0   0   0   0   0   0   0   0   0   0   0   0   0   0
   0   0   0   0   0   0   0   0   0   0   0   0   0   0   0   0   0   0
   0   0   0   0   0   0   0   0   0   0   0   0   0   0   0   0   0   0
   0   0   0   0   0   0   0   0   0   0   0   0   0   0   0   0   0   0
   0   0   0   0   0   0   0   0   0]
Wörter: 9 , Vorhersage: variabel, Werte: [0.99997634], [0.99618775]
Wörter: ddr errors(s) detected and corrected on rank , Vorhersage: statisch, Werte: [-0.92424524], [-0.96563447], [-0.90932405], [-0.86176276], [-0.8835655], [-0.89737284], [-0.9439931], [-0.9875595], [-0.99379265], [-0.9880092], [-0.99325985], [-0.99899983], [-0.99826705], [-0.9851379], [-0.98182476], [-0.96190107], [-0.9575231]
Wörter: 9, , Vorhersage: variabel, Werte: [0.98313016], [0.9898808], [0.6514776]
Wörter: symbol , Vorhersage: statisch, Werte: [-0.75322264], [-0.8217949]
Wörter: 9, bit 9, Vorhersage: variabel, Werte: [0.99700433], [0.9956718], [0.79237634], [0.36300564], [0.2525224], [0.9979975]
[712   2 986   2 885   2 219   2 545   0   0   0   0   0   0   0   0   0
   0   0   0   0   0   0   0   0   0   0   0   0   0   0   0   0   0   0
   0   0   0   0   0   0   0   0   0   0   0   0   0   0   0   0   0   0
   0   0   0   0   0   0   0   0   0   0   0   0   0   0   0   0   0   0
   0   0   0   0   0   0   0   0   0   0   0   0   0   0   0   0   0   0
   0   0   0   0   0   0   0   0   0   0   0   0   0   0   0   0   0   0
   0   0   0   0   0   0   0   0   0   0   0   0   0   0   0   0   0   0
   0   0   0   0   0   0   0   0   0   0   0   0   0   0   0   0   0   0
   0   0   0   0   0   0   0   0   0   0   0   0   0   0   0   0   0   0
   0   0   0   0   0   0   0   0   0]
Wörter: instruction cache parity error corrected, Vorhersage: statisch, Werte: [-0.788588], [-0.8961968], [-0.95612], [-0.9741058], [-0.9538175], [-0.9811713], [-0.9493919], [-0.9725199], [-0.99587464]
[1245    2  126    2   51    2  680    2  219    6   43    7    2  400
    2  265    2  545    0    0    0    0    0    0    0    0    0    0
    0    0    0    0    0    0    0    0    0    0    0    0    0    0
    0    0    0    0    0    0    0    0    0    0    0    0    0    0
    0    0    0    0    0    0    0    0    0    0    0    0    0    0
    0    0    0    0    0    0    0    0    0    0    0    0    0    0
    0    0    0    0    0    0    0    0    0    0    0    0    0    0
    0    0    0    0    0    0    0    0    0    0    0    0    0    0
    0    0    0    0    0    0    0    0    0    0    0    0    0    0
    0    0    0    0    0    0    0    0    0    0    0    0    0    0
    0    0    0    0    0    0    0    0    0    0    0    0    0    0
    0    0    0    0    0    0    0    0    0    0    0    0    0    0
    0    0    0]
Wörter: total of , Vorhersage: statisch, Werte: [-0.82772267], [-0.8929688], [-0.69491225], [-0.43442422]
Wörter: 99 , Vorhersage: variabel, Werte: [0.99999785], [0.982307]
Wörter: ddr error(s) detected and corrected, Vorhersage: statisch, Werte: [-0.9545655], [-0.9830739], [-0.92516786], [-0.8921489], [-0.90075016], [-0.91179657], [-0.9532087], [-0.9868276], [-0.9944353], [-0.9860431], [-0.9922612], [-0.9963109]
[ 51  12  53  12  14  12  14  15  57   2 149   2  65   2  73  24  11 220
   2  66   2  13  51  12  53  12  14  12  14   0   0   0   0   0   0   0
   0   0   0   0   0   0   0   0   0   0   0   0   0   0   0   0   0   0
   0   0   0   0   0   0   0   0   0   0   0   0   0   0   0   0   0   0
   0   0   0   0   0   0   0   0   0   0   0   0   0   0   0   0   0   0
   0   0   0   0   0   0   0   0   0   0   0   0   0   0   0   0   0   0
   0   0   0   0   0   0   0   0   0   0   0   0   0   0   0   0   0   0
   0   0   0   0   0   0   0   0   0   0   0   0   0   0   0   0   0   0
   0   0   0   0   0   0   0   0   0   0   0   0   0   0   0   0   0   0
   0   0   0   0   0   0   0   0   0]
Wörter: 99.999.9.9:99999 served block blk_-99999999999999999 to /99.999.9.9, Vorhersage: variabel, Werte: [1.], [1.], [1.], [1.], [1.], [1.], [1.], [1.], [1.], [1.], [1.], [1.], [1.], [1.], [1.], [1.], [1.], [1.], [1.], [1.], [1.], [1.], [1.], [1.], [1.], [1.], [1.], [1.], [1.]
[ 65   8   2 186  12 413  15   2  13 575  13 578  13 971  13 933  13 522
  24 403  24  52  13 522  12 946  12   2  73  24 107   0   0   0   0   0
   0   0   0   0   0   0   0   0   0   0   0   0   0   0   0   0   0   0
   0   0   0   0   0   0   0   0   0   0   0   0   0   0   0   0   0   0
   0   0   0   0   0   0   0   0   0   0   0   0   0   0   0   0   0   0
   0   0   0   0   0   0   0   0   0   0   0   0   0   0   0   0   0   0
   0   0   0   0   0   0   0   0   0   0   0   0   0   0   0   0   0   0
   0   0   0   0   0   0   0   0   0   0   0   0   0   0   0   0   0   0
   0   0   0   0   0   0   0   0   0   0   0   0   0   0   0   0   0   0
   0   0   0   0   0   0   0   0   0]
Wörter: block* namesystem.allocateblock: /mnt/hadoop/mapred/system/job_999999999999_9999/job.jar. blk_9999999999999999999, Vorhersage: variabel, Werte: [0.9998986], [0.9999902], [0.99999756], [0.9999992], [1.], [1.], [1.], [1.], [1.], [1.], [1.], [1.], [1.], [1.], [1.], [1.], [1.], [1.], [1.], [1.], [1.], [1.], [1.], [1.], [1.], [1.], [1.], [1.], [1.], [1.], [1.]
[ 51  12  53  12  51  12  53  15  57   2 223   2 229   2  66   2 231   2
  65   2  73  24  11 107   2  66   2  51  12  53  12  53  12  53  15  57
  10   2  51  12  53  12  51  12  53  15  57   0   0   0   0   0   0   0
   0   0   0   0   0   0   0   0   0   0   0   0   0   0   0   0   0   0
   0   0   0   0   0   0   0   0   0   0   0   0   0   0   0   0   0   0
   0   0   0   0   0   0   0   0   0   0   0   0   0   0   0   0   0   0
   0   0   0   0   0   0   0   0   0   0   0   0   0   0   0   0   0   0
   0   0   0   0   0   0   0   0   0   0   0   0   0   0   0   0   0   0
   0   0   0   0   0   0   0   0   0   0   0   0   0   0   0   0   0   0
   0   0   0   0   0   0   0   0   0]
Wörter: 99.999.99.999:99999 starting thread to transfer block blk_-9999999999999999999 to 99.999.999.999:99999, 99.999.99.999:99999, Vorhersage: variabel, Werte: [1.], [1.], [1.], [1.], [1.], [1.], [1.], [1.], [1.], [1.], [1.], [1.], [1.], [1.], [1.], [1.], [0.9999989], [1.], [1.], [1.], [1.], [1.], [1.], [1.], [1.], [1.], [1.], [1.], [1.], [1.], [1.], [1.], [1.], [1.], [1.], [1.], [1.], [1.], [1.], [1.], [1.], [1.], [1.], [1.], [1.], [1.], [1.]
[2302   12 1200   12  471   15   51    2  179    2  172    2   98    2
   98   12  153   12  154   12  145   12   95   15   52    2  183    0
    0    0    0    0    0    0    0    0    0    0    0    0    0    0
    0    0    0    0    0    0    0    0    0    0    0    0    0    0
    0    0    0    0    0    0    0    0    0    0    0    0    0    0
    0    0    0    0    0    0    0    0    0    0    0    0    0    0
    0    0    0    0    0    0    0    0    0    0    0    0    0    0
    0    0    0    0    0    0    0    0    0    0    0    0    0    0
    0    0    0    0    0    0    0    0    0    0    0    0    0    0
    0    0    0    0    0    0    0    0    0    0    0    0    0    0
    0    0    0    0    0    0    0    0    0    0    0    0    0    0
    0    0    0    0    0    0    0    0    0    0    0    0    0    0
    0    0    0]
Wörter: rs.sinajs.cn:99 open through proxy proxy.cse.cuhk.edu.hk:9999 https, Vorhersage: variabel, Werte: [0.99826455], [1.], [0.99999076], [1.], [1.], [1.], [1.], [1.], [1.], [1.], [1.], [1.], [1.], [1.], [1.], [1.], [1.], [1.], [1.], [1.], [1.], [1.], [1.], [1.], [1.], [1.], [1.]
[1062   14   12 1682   12   93   15   53    2  187   10    2   52    2
  121    2    6   14   12   51    2  124    7    2  185   10    2   52
    2  121    2    6   14   12   51    2  124    7    2  128   10    2
  189    2   51   15   51    0    0    0    0    0    0    0    0    0
    0    0    0    0    0    0    0    0    0    0    0    0    0    0
    0    0    0    0    0    0    0    0    0    0    0    0    0    0
    0    0    0    0    0    0    0    0    0    0    0    0    0    0
    0    0    0    0    0    0    0    0    0    0    0    0    0    0
    0    0    0    0    0    0    0    0    0    0    0    0    0    0
    0    0    0    0    0    0    0    0    0    0    0    0    0    0
    0    0    0    0    0    0    0    0    0    0    0    0    0    0
    0    0    0    0    0    0    0    0    0    0    0    0    0    0
    0    0    0]
Wörter: pic9.zhimg.com:999 close, 9999 bytes (9.99 kb) sent, 9999 bytes (9.99 kb) received, lifetime 99:99, Vorhersage: variabel, Werte: [0.99912494], [1.], [1.], [1.], [1.], [1.], [1.], [1.], [1.], [1.], [1.], [1.], [1.], [1.], [1.], [1.], [1.], [1.], [1.], [1.], [1.], [1.], [0.99999946], [1.], [0.99993205], [1.], [1.], [1.], [1.], [1.], [1.], [1.], [1.], [1.], [1.], [1.], [1.], [1.], [1.], [1.], [1.], [1.], [1.], [1.], [1.], [1.], [1.]
[1317   14   12 1149   12   93   15   53    2    6 1657   14    7    2
  219    2   15    2  401    2  242    2  419    2  172    2   98    2
   98   12  153   12  154   12  145   12   95   15   52    2   11    2
   98    2  243    2  593    2  269    2   25    2  235    2  263    2
  270    2  614   10    2  422    2  532    2   53    0    0    0    0
    0    0    0    0    0    0    0    0    0    0    0    0    0    0
    0    0    0    0    0    0    0    0    0    0    0    0    0    0
    0    0    0    0    0    0    0    0    0    0    0    0    0    0
    0    0    0    0    0    0    0    0    0    0    0    0    0    0
    0    0    0    0    0    0    0    0    0    0    0    0    0    0
    0    0    0    0    0    0    0    0    0    0    0    0    0    0
    0    0    0    0    0    0    0    0    0    0    0    0    0    0
    0    0    0]
Wörter: ping9.teamviewer.com:999 (ipv9) error : could not connect through proxy proxy.cse.cuhk.edu.hk:9999 - proxy server cannot establish a connection with the target, status code 999, Vorhersage: variabel, Werte: [0.99951214], [1.], [1.], [1.], [1.], [1.], [1.], [1.], [1.], [1.], [1.], [1.], [1.], [1.], [0.999976], [0.9999955], [1.], [1.], [1.], [1.], [0.9999905], [0.9999989], [1.], [1.], [1.], [1.], [1.], [1.], [1.], [1.], [1.], [1.], [1.], [1.], [1.], [1.], [1.], [1.], [1.], [1.], [1.], [1.], [1.], [1.], [1.], [1.], [1.], [1.], [1.], [1.], [1.], [1.], [1.], [1.], [1.], [1.], [1.], [1.], [1.], [1.], [1.], [1.], [1.], [1.], [1.], [1.]
Model: "sequential"
┏━━━━━━━━━━━━━━━━━━━━━━━━━━━━━━━━━━━━━━┳━━━━━━━━━━━━━━━━━━━━━━━━━━━━━┳━━━━━━━━━━━━━━━━━┓
┃ Layer (type)                         ┃ Output Shape                ┃         Param # ┃
┡━━━━━━━━━━━━━━━━━━━━━━━━━━━━━━━━━━━━━━╇━━━━━━━━━━━━━━━━━━━━━━━━━━━━━╇━━━━━━━━━━━━━━━━━┩
│ embedding (Embedding)                │ (None, 171, 64)             │         184,768 │
├──────────────────────────────────────┼─────────────────────────────┼─────────────────┤
│ bidirectional (Bidirectional)        │ (None, 171, 256)            │         148,992 │
├──────────────────────────────────────┼─────────────────────────────┼─────────────────┤
│ time_distributed (TimeDistributed)   │ (None, 171, 128)            │          32,896 │
├──────────────────────────────────────┼─────────────────────────────┼─────────────────┤
│ dropout (Dropout)                    │ (None, 171, 128)            │               0 │
├──────────────────────────────────────┼─────────────────────────────┼─────────────────┤
│ time_distributed_1 (TimeDistributed) │ (None, 171, 1)              │             129 │
└──────────────────────────────────────┴─────────────────────────────┴─────────────────┘
 Total params: 1,100,357 (4.20 MB)
 Trainable params: 366,785 (1.40 MB)
 Non-trainable params: 0 (0.00 B)
 Optimizer params: 733,572 (2.80 MB)

Training auf folgende Datei: Datensätze/Vorbereitete Daten/zookeeper_v1/unique_data/content_list_zookeeper.txt
Total Trainings-Loss: [0.16860443353652954, 0.14978528022766113, 0.14972621202468872, 0.14965635538101196, 0.1496054083108902, 0.14957866072654724, 0.14953437447547913, 0.1560334861278534, 0.11105962097644806, 0.10495248436927795]
Total Trainings-Accuracy: [0.8804187774658203, 0.886135458946228, 0.8861382603645325, 0.8861372470855713, 0.8861348032951355, 0.8861380815505981, 0.8861364126205444, 0.8772681355476379, 0.8840504884719849, 0.8855777978897095]
Total Validierungs-Loss: [0.15152551233768463, 0.1514497697353363, 0.15141606330871582, 0.1513630598783493, 0.15133436024188995, 0.15132251381874084, 0.15112744271755219, 0.12874175608158112, 0.10326778888702393, 0.10212196409702301]
Total Validierungs-Accuracy: [0.8883159756660461, 0.8883159756660461, 0.8883159756660461, 0.8883159756660461, 0.8883159756660461, 0.8883159756660461, 0.8882907629013062, 0.8815109133720398, 0.8876344561576843, 0.8879753947257996]
