Loss: 0.0014776561874896288, Accuracy: 0.999642014503479

Log: 9 ddr errors(s) detected and corrected on rank 9, symbol 9, bit 9
[ 13   2 492   2 520   5  42   6   2 365   2 338   2 489   2  61   2 752
   2  13   9   2 781   2  13   9   2 809   2  13   0   0   0   0   0   0
   0   0   0   0   0   0   0   0   0   0   0   0   0   0   0   0   0   0
   0   0   0   0   0   0   0   0   0   0   0   0   0   0   0   0   0   0
   0   0   0   0   0   0   0   0   0   0   0   0   0   0   0   0   0   0
   0   0   0   0   0   0   0   0   0   0   0   0   0   0   0   0   0   0
   0   0   0   0   0   0   0   0   0   0   0   0   0   0   0   0   0   0
   0   0   0   0   0   0   0   0   0   0   0   0   0   0   0   0   0   0
   0   0   0   0   0   0   0   0   0   0   0   0   0   0   0   0   0   0
   0   0   0   0   0   0   0   0   0   0   0   0   0   0   0   0   0   0
   0   0   0   0   0   0   0   0   0   0   0   0   0   0   0]
Wörter: 9 , Vorhersage: variabel, Werte: [0.99954695], [0.99987674]
Wörter: ddr errors(s) detected and corrected on rank , Vorhersage: statisch, Werte: [0.00034467], [2.5105783e-05], [4.4714775e-06], [2.9030874e-05], [1.334053e-05], [0.00018986], [6.829581e-05], [0.00102632], [0.00030268], [0.00063171], [0.0002921], [0.00980685], [0.00368753], [0.0101514], [0.00273253], [0.00027611], [0.00059369]
Wörter: 9, symbol 9, bit 9, Vorhersage: variabel, Werte: [0.99992263], [0.99972564], [0.99994385], [0.99998903], [0.99999917], [1.], [0.99999905], [0.9999995], [0.9999995], [0.99999976], [1.]

Log: instruction cache parity error corrected
[496   2 569   2 577   2 108   2 489   0   0   0   0   0   0   0   0   0
   0   0   0   0   0   0   0   0   0   0   0   0   0   0   0   0   0   0
   0   0   0   0   0   0   0   0   0   0   0   0   0   0   0   0   0   0
   0   0   0   0   0   0   0   0   0   0   0   0   0   0   0   0   0   0
   0   0   0   0   0   0   0   0   0   0   0   0   0   0   0   0   0   0
   0   0   0   0   0   0   0   0   0   0   0   0   0   0   0   0   0   0
   0   0   0   0   0   0   0   0   0   0   0   0   0   0   0   0   0   0
   0   0   0   0   0   0   0   0   0   0   0   0   0   0   0   0   0   0
   0   0   0   0   0   0   0   0   0   0   0   0   0   0   0   0   0   0
   0   0   0   0   0   0   0   0   0   0   0   0   0   0   0   0   0   0
   0   0   0   0   0   0   0   0   0   0   0   0   0   0   0]
Wörter: instruction cache parity error corrected, Vorhersage: statisch, Werte: [0.00655333], [0.00106873], [3.792247e-05], [2.5143307e-05], [1.8247033e-06], [1.2847096e-06], [2.3186481e-05], [2.6693817e-06], [6.71708e-05]

Log: total of 99 ddr error(s) detected and corrected
[356   2 163   2  50   2 492   2 108   5  42   6   2 365   2 338   2 489
   0   0   0   0   0   0   0   0   0   0   0   0   0   0   0   0   0   0
   0   0   0   0   0   0   0   0   0   0   0   0   0   0   0   0   0   0
   0   0   0   0   0   0   0   0   0   0   0   0   0   0   0   0   0   0
   0   0   0   0   0   0   0   0   0   0   0   0   0   0   0   0   0   0
   0   0   0   0   0   0   0   0   0   0   0   0   0   0   0   0   0   0
   0   0   0   0   0   0   0   0   0   0   0   0   0   0   0   0   0   0
   0   0   0   0   0   0   0   0   0   0   0   0   0   0   0   0   0   0
   0   0   0   0   0   0   0   0   0   0   0   0   0   0   0   0   0   0
   0   0   0   0   0   0   0   0   0   0   0   0   0   0   0   0   0   0
   0   0   0   0   0   0   0   0   0   0   0   0   0   0   0]
Wörter: total of , Vorhersage: statisch, Werte: [6.1771875e-06], [2.9993828e-06], [1.1344778e-05], [4.6927053e-05]
Wörter: 99 , Vorhersage: variabel, Werte: [0.99991846], [0.99994624]
Wörter: ddr error(s) detected and corrected, Vorhersage: statisch, Werte: [7.294958e-05], [1.01684645e-05], [0.00059553], [0.001322], [0.00047305], [0.00419082], [0.00124806], [0.00594058], [0.00097347], [0.00079876], [0.0001218], [0.00102389]

Log: 99.999.9.9:99999 Served block blk_-99999999999999999 to /99.999.9.9
[ 50  11  53  11  13  11  13  14  69   2 427   2  75   2  79  23  10 732
   2 119   2  12  50  11  53  11  13  11  13   0   0   0   0   0   0   0
   0   0   0   0   0   0   0   0   0   0   0   0   0   0   0   0   0   0
   0   0   0   0   0   0   0   0   0   0   0   0   0   0   0   0   0   0
   0   0   0   0   0   0   0   0   0   0   0   0   0   0   0   0   0   0
   0   0   0   0   0   0   0   0   0   0   0   0   0   0   0   0   0   0
   0   0   0   0   0   0   0   0   0   0   0   0   0   0   0   0   0   0
   0   0   0   0   0   0   0   0   0   0   0   0   0   0   0   0   0   0
   0   0   0   0   0   0   0   0   0   0   0   0   0   0   0   0   0   0
   0   0   0   0   0   0   0   0   0   0   0   0   0   0   0   0   0   0
   0   0   0   0   0   0   0   0   0   0   0   0   0   0   0]
Wörter: 99.999.9.9:99999 , Vorhersage: variabel, Werte: [1.], [1.], [1.], [1.], [1.], [1.], [1.], [0.9999999], [0.9999988], [0.9999974]
Wörter: served block , Vorhersage: statisch, Werte: [3.4229426e-05], [5.524181e-06], [3.2948926e-06], [2.0787807e-05]
Wörter: blk_-99999999999999999 , Vorhersage: variabel, Werte: [0.9999697], [0.99999964], [0.9999974], [0.9998636], [0.9995937]
Wörter: to , Vorhersage: statisch, Werte: [0.00139415], [0.00128997]
Wörter: /99.999.9.9, Vorhersage: variabel, Werte: [1.], [1.], [1.], [1.], [1.], [1.], [1.], [1.]

Log: BLOCK* NameSystem.allocateBlock: /mnt/hadoop/mapred/system/job_999999999999_9999/job.jar. blk_9999999999999999999
[ 75   7   2 171  11 440  14   2  12 283  12 287  12 239 156  12  42 155
  12  33  38  25  23 211  23  51  12  33  38  25  11 970  11   2  79  23
  84   0   0   0   0   0   0   0   0   0   0   0   0   0   0   0   0   0
   0   0   0   0   0   0   0   0   0   0   0   0   0   0   0   0   0   0
   0   0   0   0   0   0   0   0   0   0   0   0   0   0   0   0   0   0
   0   0   0   0   0   0   0   0   0   0   0   0   0   0   0   0   0   0
   0   0   0   0   0   0   0   0   0   0   0   0   0   0   0   0   0   0
   0   0   0   0   0   0   0   0   0   0   0   0   0   0   0   0   0   0
   0   0   0   0   0   0   0   0   0   0   0   0   0   0   0   0   0   0
   0   0   0   0   0   0   0   0   0   0   0   0   0   0   0   0   0   0
   0   0   0   0   0   0   0   0   0   0   0   0   0   0   0]
Wörter: block* namesystem.allocateblock: , Vorhersage: statisch, Werte: [0.00024352], [2.6276657e-06], [6.2940726e-06], [1.8860652e-06], [1.124393e-05], [1.5328724e-05], [0.00012135], [0.0001257]
Wörter: /mnt/hadoop/mapred/system/job_999999999999_9999/job.jar. blk_9999999999999999999, Vorhersage: variabel, Werte: [0.9999423], [0.9999999], [1.], [0.9999999], [1.], [0.9999944], [0.99557793], [0.9999981], [0.9999175], [0.9848163], [0.9999993], [1.], [1.], [1.], [1.], [1.], [1.], [1.], [1.], [1.], [1.], [1.], [1.], [1.], [0.99999976], [0.9999999], [1.], [1.], [1.]

Log: 99.999.99.999:99999 Starting thread to transfer block blk_-9999999999999999999 to 99.999.999.999:99999, 99.999.99.999:99999
[  50   11   53   11   50   11   53   14   69    2 1244    2  294    2
  119    2 1894    2   75    2   79   23   10   84    2  119    2   50
   11   53   11   53   11   53   14   69    9    2   50   11   53   11
   50   11   53   14   69    0    0    0    0    0    0    0    0    0
    0    0    0    0    0    0    0    0    0    0    0    0    0    0
    0    0    0    0    0    0    0    0    0    0    0    0    0    0
    0    0    0    0    0    0    0    0    0    0    0    0    0    0
    0    0    0    0    0    0    0    0    0    0    0    0    0    0
    0    0    0    0    0    0    0    0    0    0    0    0    0    0
    0    0    0    0    0    0    0    0    0    0    0    0    0    0
    0    0    0    0    0    0    0    0    0    0    0    0    0    0
    0    0    0    0    0    0    0    0    0    0    0    0    0    0
    0    0    0    0    0    0    0    0    0    0    0    0    0    0
    0    0    0    0    0    0    0    0    0    0    0    0    0]
Wörter: 99.999.99.999:99999 , Vorhersage: variabel, Werte: [1.], [1.], [1.], [1.], [1.], [1.], [1.], [1.], [0.99999845], [0.9999968]
Wörter: starting thread to transfer block , Vorhersage: statisch, Werte: [0.00040348], [6.571395e-05], [2.8524659e-05], [1.45169415e-05], [1.6498334e-05], [1.1318594e-05], [3.0756353e-05], [1.5226214e-05], [1.3578345e-05], [8.656516e-05]
Wörter: blk_-9999999999999999999 , Vorhersage: variabel, Werte: [0.9999982], [1.], [0.9999999], [0.99999976], [0.9999976]
Wörter: to , Vorhersage: statisch, Werte: [0.00176953], [0.00264629]
Wörter: 99.999.999.999:99999, 99.999.99.999:99999, Vorhersage: variabel, Werte: [1.], [1.], [1.], [1.], [1.], [1.], [1.], [1.], [1.], [1.], [1.], [1.], [1.], [1.], [1.], [1.], [1.], [1.], [1.], [1.]

Log: rs.sinajs.cn:99 open through proxy proxy.cse.cuhk.edu.hk:9999 HTTPS
[1643   11 1867   11  566   14   50    2  122    2  141    2   71    2
   71   11   85   11   87   11   86   11   62   14   51    2  144    0
    0    0    0    0    0    0    0    0    0    0    0    0    0    0
    0    0    0    0    0    0    0    0    0    0    0    0    0    0
    0    0    0    0    0    0    0    0    0    0    0    0    0    0
    0    0    0    0    0    0    0    0    0    0    0    0    0    0
    0    0    0    0    0    0    0    0    0    0    0    0    0    0
    0    0    0    0    0    0    0    0    0    0    0    0    0    0
    0    0    0    0    0    0    0    0    0    0    0    0    0    0
    0    0    0    0    0    0    0    0    0    0    0    0    0    0
    0    0    0    0    0    0    0    0    0    0    0    0    0    0
    0    0    0    0    0    0    0    0    0    0    0    0    0    0
    0    0    0    0    0    0    0    0    0    0    0    0    0    0
    0    0    0    0    0    0    0    0    0    0    0    0    0]
Wörter: rs.sinajs.cn:99 , Vorhersage: variabel, Werte: [0.9998739], [0.9999485], [0.99996185], [0.99994004], [0.99998593], [0.99992716], [0.9999993], [0.9999864]
Wörter: open through proxy , Vorhersage: statisch, Werte: [2.3300396e-05], [1.0892671e-06], [3.3072611e-09], [9.994334e-09], [2.2180535e-05], [0.00045695]
Wörter: proxy.cse.cuhk.edu.hk:9999 , Vorhersage: variabel, Werte: [0.9999895], [0.99999976], [1.], [1.], [1.], [0.99999976], [0.9999999], [0.9999987], [1.], [0.9999999], [1.], [0.9999999]
Wörter: https, Vorhersage: statisch, Werte: [2.4808654e-07]

Log: pic9.zhimg.com:999 close, 9999 bytes (9.99 KB) sent, 9999 bytes (9.99 KB) received, lifetime 99:99
[ 924   13   11 1848   11  114   14   53    2  139    9    2   51    2
   93    2    5   13   11   50    2  153    6    2  146    9    2   51
    2   93    2    5   13   11   50    2  153    6    2  102    9    2
  150    2   50   14   50    0    0    0    0    0    0    0    0    0
    0    0    0    0    0    0    0    0    0    0    0    0    0    0
    0    0    0    0    0    0    0    0    0    0    0    0    0    0
    0    0    0    0    0    0    0    0    0    0    0    0    0    0
    0    0    0    0    0    0    0    0    0    0    0    0    0    0
    0    0    0    0    0    0    0    0    0    0    0    0    0    0
    0    0    0    0    0    0    0    0    0    0    0    0    0    0
    0    0    0    0    0    0    0    0    0    0    0    0    0    0
    0    0    0    0    0    0    0    0    0    0    0    0    0    0
    0    0    0    0    0    0    0    0    0    0    0    0    0    0
    0    0    0    0    0    0    0    0    0    0    0    0    0]
Wörter: pic9.zhimg.com:999 , Vorhersage: variabel, Werte: [0.9999238], [1.], [1.], [0.9999999], [0.9999993], [0.9999999], [0.9999995], [1.], [1.]
Wörter: close, , Vorhersage: statisch, Werte: [1.4265165e-05], [6.551035e-05], [0.0002005]
Wörter: 9999 bytes (9.99 kb) sent, 9999 bytes (9.99 kb) received, lifetime 99:99, Vorhersage: variabel, Werte: [1.], [1.], [0.99999976], [1.], [0.9999963], [1.], [1.], [1.], [1.], [0.9999999], [1.], [1.], [1.], [0.99999976], [1.], [1.], [1.], [1.], [1.], [1.], [1.], [1.], [1.], [1.], [1.], [1.], [1.], [1.], [1.], [1.], [1.], [1.], [1.], [1.], [1.]

Log: ping9.teamviewer.com:999 (IPv9) error : Could not connect through proxy proxy.cse.cuhk.edu.hk:9999 - Proxy server cannot establish a connection with the target, status code 999
[1013   13   11 1941   11  114   14   53    2    5  745   45   13    6
    2  108    2   14    2  498    2  279    2  389    2  141    2   71
    2   71   11   85   11   87   11   86   11   62   14   51    2   10
    2   71    2  345    2  447    2  429    2   24    2  152    2  471
    2  335    2  909    9    2  452    2  684    2   53    0    0    0
    0    0    0    0    0    0    0    0    0    0    0    0    0    0
    0    0    0    0    0    0    0    0    0    0    0    0    0    0
    0    0    0    0    0    0    0    0    0    0    0    0    0    0
    0    0    0    0    0    0    0    0    0    0    0    0    0    0
    0    0    0    0    0    0    0    0    0    0    0    0    0    0
    0    0    0    0    0    0    0    0    0    0    0    0    0    0
    0    0    0    0    0    0    0    0    0    0    0    0    0    0
    0    0    0    0    0    0    0    0    0    0    0    0    0    0
    0    0    0    0    0    0    0    0    0    0    0    0    0]
Wörter: ping9.teamviewer.com:999 (ipv9) , Vorhersage: variabel, Werte: [0.9999628], [1.], [1.], [0.9999999], [0.9999993], [0.9999999], [0.9999993], [1.], [1.], [0.7422281], [0.75805], [0.8240793], [0.9999124], [0.99994075], [0.99661523]
Wörter: error : could not connect through proxy , Vorhersage: statisch, Werte: [0.00829323], [0.00134926], [0.00139885], [0.00016303], [1.7838798e-06], [6.527916e-07], [9.466065e-07], [1.1588175e-07], [4.425425e-10], [3.369506e-10], [3.3782175e-11], [6.416471e-10], [3.062933e-06], [9.957485e-05]
Wörter: proxy.cse.cuhk.edu.hk:9999 , Vorhersage: variabel, Werte: [0.99992657], [0.9999994], [1.], [1.], [1.], [0.9999995], [0.9999994], [0.99999225], [0.9999999], [0.99999607], [1.], [0.99999905]
Wörter: - proxy server cannot establish a connection with the target, status code , Vorhersage: statisch, Werte: [0.00298477], [0.00018682], [0.00719134], [0.00367238], [0.00013337], [3.2820553e-05], [1.3974197e-06], [1.581383e-06], [1.4956022e-06], [1.0893897e-06], [9.422933e-05], [3.3013388e-05], [1.301924e-05], [1.33044105e-05], [8.4919486e-07], [5.609921e-07], [6.6681823e-06], [9.87351e-06], [2.8285742e-06], [5.5303713e-05], [2.6666394e-05], [0.00066112], [0.00019158], [0.00013084], [0.00016848]
Wörter: 999, Vorhersage: variabel, Werte: [0.99999857]

Log: Component State Change: Component \999alt9\999 is in the unavailable state (HWID=9999)
[784   2 556   2 906  14   2 784   2  21  53 552  13  21  53   2 128   2
  54   2 335   2 962   2 556   2   5 991  17  51   6   0   0   0   0   0
   0   0   0   0   0   0   0   0   0   0   0   0   0   0   0   0   0   0
   0   0   0   0   0   0   0   0   0   0   0   0   0   0   0   0   0   0
   0   0   0   0   0   0   0   0   0   0   0   0   0   0   0   0   0   0
   0   0   0   0   0   0   0   0   0   0   0   0   0   0   0   0   0   0
   0   0   0   0   0   0   0   0   0   0   0   0   0   0   0   0   0   0
   0   0   0   0   0   0   0   0   0   0   0   0   0   0   0   0   0   0
   0   0   0   0   0   0   0   0   0   0   0   0   0   0   0   0   0   0
   0   0   0   0   0   0   0   0   0   0   0   0   0   0   0   0   0   0
   0   0   0   0   0   0   0   0   0   0   0   0   0   0   0]
Wörter: component state change: component , Vorhersage: statisch, Werte: [0.00246165], [0.00114827], [0.00136136], [0.0007843], [0.00066764], [0.00079828], [0.00030345], [0.00088626], [0.00203757]
Wörter: \999alt9\999 , Vorhersage: variabel, Werte: [0.9919314], [1.], [0.9999218], [0.9999075], [0.9999957], [1.], [0.99999857]
Wörter: is in the unavailable state , Vorhersage: statisch, Werte: [0.00051064], [6.854924e-05], [0.00014924], [4.02735e-05], [3.8836e-05], [1.4679771e-05], [3.4299515e-05], [4.354896e-05], [0.0006868], [0.00181326]
Wörter: (hwid=9999), Vorhersage: variabel, Werte: [0.99130356], [0.9999975], [0.9999995], [1.], [1.]

Log: unix.hw state_change.unavailable 9999999999 9 Component State Change: Component \999alt9\999 is in the unavailable state (HWID=9999)
[751  11 693   2 556  23 906  11 962   2 189   2  13   2 784   2 556   2
 906  14   2 784   2  21  53 552  13  21  53   2 128   2  54   2 335   2
 962   2 556   2   5 991  17  51   6   0   0   0   0   0   0   0   0   0
   0   0   0   0   0   0   0   0   0   0   0   0   0   0   0   0   0   0
   0   0   0   0   0   0   0   0   0   0   0   0   0   0   0   0   0   0
   0   0   0   0   0   0   0   0   0   0   0   0   0   0   0   0   0   0
   0   0   0   0   0   0   0   0   0   0   0   0   0   0   0   0   0   0
   0   0   0   0   0   0   0   0   0   0   0   0   0   0   0   0   0   0
   0   0   0   0   0   0   0   0   0   0   0   0   0   0   0   0   0   0
   0   0   0   0   0   0   0   0   0   0   0   0   0   0   0   0   0   0
   0   0   0   0   0   0   0   0   0   0   0   0   0   0   0]
Wörter: unix.hw state_change.unavailable 9999999999 9 , Vorhersage: variabel, Werte: [0.999754], [0.9995721], [0.99964154], [0.99996924], [0.99873024], [0.99999475], [0.99997854], [0.99993205], [0.9990331], [0.9995116], [0.9999974], [0.999997], [0.9999504], [0.99993265]
Wörter: component state change: component , Vorhersage: statisch, Werte: [0.00015225], [5.3513824e-05], [0.00018736], [0.00015934], [0.0002637], [0.00041472], [0.00018552], [0.0006561], [0.0016186]
Wörter: \999alt9\999 , Vorhersage: variabel, Werte: [0.99164116], [1.], [0.9999248], [0.99990475], [0.9999957], [1.], [0.99999857]
Wörter: is in the unavailable state , Vorhersage: statisch, Werte: [0.00050613], [6.800181e-05], [0.00014852], [4.011297e-05], [3.8729926e-05], [1.4644828e-05], [3.424683e-05], [4.349982e-05], [0.00068637], [0.00181251]
Wörter: (hwid=9999), Vorhersage: variabel, Werte: [0.9913066], [0.9999975], [0.9999995], [1.], [1.]

Log: node-999 node status 9999999999 9 configured out
[180  10  53   2 180   2 452   2 189   2  13   2 493   2 324   0   0   0
   0   0   0   0   0   0   0   0   0   0   0   0   0   0   0   0   0   0
   0   0   0   0   0   0   0   0   0   0   0   0   0   0   0   0   0   0
   0   0   0   0   0   0   0   0   0   0   0   0   0   0   0   0   0   0
   0   0   0   0   0   0   0   0   0   0   0   0   0   0   0   0   0   0
   0   0   0   0   0   0   0   0   0   0   0   0   0   0   0   0   0   0
   0   0   0   0   0   0   0   0   0   0   0   0   0   0   0   0   0   0
   0   0   0   0   0   0   0   0   0   0   0   0   0   0   0   0   0   0
   0   0   0   0   0   0   0   0   0   0   0   0   0   0   0   0   0   0
   0   0   0   0   0   0   0   0   0   0   0   0   0   0   0   0   0   0
   0   0   0   0   0   0   0   0   0   0   0   0   0   0   0]
Wörter: node-999 node status 9999999999 9 , Vorhersage: variabel, Werte: [0.9982834], [0.9997577], [0.9999999], [0.9999999], [0.99989045], [0.9999896], [0.9991371], [0.99906427], [0.9999988], [0.99999857], [0.9999906], [0.9999819]
Wörter: configured out, Vorhersage: statisch, Werte: [3.5535675e-06], [3.4103442e-07], [1.2336445e-06]

Log: My election bind port: 9.9.9.9/9.9.9.9:9999
[ 267    2  472    2 1113   27    2   39  458   14    2   13   11   13
   11   13   11   13   12   13   11   13   11   13   11   13   14   51
    0    0    0    0    0    0    0    0    0    0    0    0    0    0
    0    0    0    0    0    0    0    0    0    0    0    0    0    0
    0    0    0    0    0    0    0    0    0    0    0    0    0    0
    0    0    0    0    0    0    0    0    0    0    0    0    0    0
    0    0    0    0    0    0    0    0    0    0    0    0    0    0
    0    0    0    0    0    0    0    0    0    0    0    0    0    0
    0    0    0    0    0    0    0    0    0    0    0    0    0    0
    0    0    0    0    0    0    0    0    0    0    0    0    0    0
    0    0    0    0    0    0    0    0    0    0    0    0    0    0
    0    0    0    0    0    0    0    0    0    0    0    0    0    0
    0    0    0    0    0    0    0    0    0    0    0    0    0    0
    0    0    0    0    0    0    0    0    0    0    0    0    0]
Wörter: my election , Vorhersage: statisch, Werte: [0.3377914], [0.36286426], [0.16905953], [0.12778778]
Wörter: bind port: 9.9.9.9/9.9.9.9:9999, Vorhersage: variabel, Werte: [0.7990467], [0.9446068], [0.99357176], [0.99903524], [0.9987469], [0.99721646], [0.9997818], [1.], [1.], [1.], [1.], [1.], [1.], [1.], [1.], [1.], [1.], [1.], [1.], [1.], [1.], [1.], [1.], [1.]

Log: Closed socket connection for client /99.99.99.99:99999 which had sessionid 9x99f9a99999b999e
[576   2 407   2 152   2 112   2 261   2  12  50  11  50  11  50  11  50
  14  69   2 623   2 252   2 484   2  13  47  50  29  13  24  69  25  53
  28   0   0   0   0   0   0   0   0   0   0   0   0   0   0   0   0   0
   0   0   0   0   0   0   0   0   0   0   0   0   0   0   0   0   0   0
   0   0   0   0   0   0   0   0   0   0   0   0   0   0   0   0   0   0
   0   0   0   0   0   0   0   0   0   0   0   0   0   0   0   0   0   0
   0   0   0   0   0   0   0   0   0   0   0   0   0   0   0   0   0   0
   0   0   0   0   0   0   0   0   0   0   0   0   0   0   0   0   0   0
   0   0   0   0   0   0   0   0   0   0   0   0   0   0   0   0   0   0
   0   0   0   0   0   0   0   0   0   0   0   0   0   0   0   0   0   0
   0   0   0   0   0   0   0   0   0   0   0   0   0   0   0]
Wörter: closed socket connection for client , Vorhersage: statisch, Werte: [3.930842e-05], [1.7446615e-05], [9.767914e-06], [7.860469e-06], [5.9241834e-06], [8.619513e-06], [5.6964504e-06], [3.1461807e-06], [3.9944516e-05], [0.00010071]
Wörter: /99.99.99.99:99999 , Vorhersage: variabel, Werte: [0.99999964], [1.], [1.], [1.], [1.], [1.], [1.], [1.], [1.], [0.99999726], [0.99999475]
Wörter: which had sessionid , Vorhersage: statisch, Werte: [1.8448432e-05], [3.044089e-06], [7.4801244e-07], [9.737589e-07], [3.9501723e-05], [8.777888e-05]
Wörter: 9x99f9a99999b999e, Vorhersage: variabel, Werte: [0.9999956], [1.], [1.], [1.], [1.], [1.], [1.], [1.], [1.], [1.]

Log: caught end of stream exception
[625   2 612   2 163   2 509   2 220   0   0   0   0   0   0   0   0   0
   0   0   0   0   0   0   0   0   0   0   0   0   0   0   0   0   0   0
   0   0   0   0   0   0   0   0   0   0   0   0   0   0   0   0   0   0
   0   0   0   0   0   0   0   0   0   0   0   0   0   0   0   0   0   0
   0   0   0   0   0   0   0   0   0   0   0   0   0   0   0   0   0   0
   0   0   0   0   0   0   0   0   0   0   0   0   0   0   0   0   0   0
   0   0   0   0   0   0   0   0   0   0   0   0   0   0   0   0   0   0
   0   0   0   0   0   0   0   0   0   0   0   0   0   0   0   0   0   0
   0   0   0   0   0   0   0   0   0   0   0   0   0   0   0   0   0   0
   0   0   0   0   0   0   0   0   0   0   0   0   0   0   0   0   0   0
   0   0   0   0   0   0   0   0   0   0   0   0   0   0   0]
Wörter: caught end of stream exception, Vorhersage: statisch, Werte: [0.00013284], [4.3216423e-05], [9.578273e-06], [4.41579e-06], [9.743659e-06], [1.1985723e-05], [5.0206927e-06], [1.6792749e-06], [6.644693e-05]
Model: "sequential"
┏━━━━━━━━━━━━━━━━━━━━━━━━━━━━━━━━━━━━━━┳━━━━━━━━━━━━━━━━━━━━━━━━━━━━━┳━━━━━━━━━━━━━━━━━┓
┃ Layer (type)                         ┃ Output Shape                ┃         Param # ┃
┡━━━━━━━━━━━━━━━━━━━━━━━━━━━━━━━━━━━━━━╇━━━━━━━━━━━━━━━━━━━━━━━━━━━━━╇━━━━━━━━━━━━━━━━━┩
│ embedding (Embedding)                │ (None, 195, 64)             │         127,296 │
├──────────────────────────────────────┼─────────────────────────────┼─────────────────┤
│ bidirectional (Bidirectional)        │ (None, 195, 256)            │         148,992 │
├──────────────────────────────────────┼─────────────────────────────┼─────────────────┤
│ time_distributed (TimeDistributed)   │ (None, 195, 128)            │          32,896 │
├──────────────────────────────────────┼─────────────────────────────┼─────────────────┤
│ dropout (Dropout)                    │ (None, 195, 128)            │               0 │
├──────────────────────────────────────┼─────────────────────────────┼─────────────────┤
│ time_distributed_1 (TimeDistributed) │ (None, 195, 1)              │             129 │
└──────────────────────────────────────┴─────────────────────────────┴─────────────────┘
 Total params: 927,941 (3.54 MB)
 Trainable params: 309,313 (1.18 MB)
 Non-trainable params: 0 (0.00 B)
 Optimizer params: 618,628 (2.36 MB)

Training auf folgende Datei: Datensätze/Vorbereitete Daten - Beispiel/bgl_v1/unique_data/content_list_bgl_unique.txt
Total Trainings-Loss: [0.041878536343574524, 0.0037537638563662767, 0.0022998724598437548, 0.0014809613348916173, 0.0008151519577950239, 0.001632116036489606, 0.0010029192781075835, 0.000676527910400182, 0.0007119158981367946, 0.0002080226258840412]
Total Trainings-Accuracy: [0.9834795594215393, 0.9989053606987, 0.9994105696678162, 0.9996512532234192, 0.9997972846031189, 0.9995445609092712, 0.9997946619987488, 0.9998363852500916, 0.999800980091095, 0.9999517798423767]
Total Validierungs-Loss: [0.006171081680804491, 0.003167048329487443, 0.0019852917175740004, 0.0019298644037917256, 0.0018981328466907144, 0.0013447724049910903, 0.001303144614212215, 0.0018700031796470284, 0.001465792884118855, 0.0014777464093640447]
Total Validierungs-Accuracy: [0.9979474544525146, 0.9989415407180786, 0.9994643330574036, 0.9994462728500366, 0.9995518922805786, 0.9995750784873962, 0.9996574521064758, 0.9994385838508606, 0.9996137022972107, 0.999642014503479]
