Loss: 0.0009017856209538877, Accuracy: 0.9237163662910461

Log: 9 ddr errors(s) detected and corrected on rank 9, symbol 9, bit 9
[  17    2  476    2  925    9   48   10    2  296    2  292    2  334
    2   86    2  602    2   17   13    2  599    2   17   13    2 1186
    2   17    0    0    0    0    0    0    0    0    0    0    0    0
    0    0    0    0    0    0    0    0    0    0    0    0    0    0
    0    0    0    0    0    0    0    0    0    0    0    0    0    0
    0    0    0    0    0    0    0    0    0    0    0    0    0    0
    0    0    0    0    0    0    0    0    0    0    0    0    0    0
    0    0    0    0    0    0    0    0    0    0    0    0    0    0
    0    0    0    0    0    0    0    0    0    0    0    0    0    0
    0    0    0    0    0    0    0    0    0    0    0    0    0    0
    0    0    0    0    0    0    0    0    0    0    0    0    0    0
    0    0    0    0    0    0    0    0    0    0    0    0    0    0
    0    0    0    0    0]
Wörter: 9 , Vorhersage: variabel, Werte: [0.99992955], [0.99994564]
Wörter: ddr errors(s) detected and corrected on rank , Vorhersage: statisch, Werte: [-1.], [-1.], [-0.9999387], [-0.9998947], [-0.99999726], [-0.99999756], [-0.99999696], [-0.9999996], [-0.9999995], [-0.99999845], [-0.9999955], [-0.9995166], [-0.99931467], [-0.9997272], [-0.99851626], [-0.99065346], [-0.9903875]
Wörter: 9, , Vorhersage: variabel, Werte: [1.], [0.9999682], [0.99999815]
Wörter: symbol , Vorhersage: statisch, Werte: [-0.99998784], [-0.9999602]
Wörter: 9, bit 9, Vorhersage: variabel, Werte: [1.], [1.], [1.], [0.9999944], [0.9999995], [0.9999968]

Log: instruction cache parity error corrected
[ 498    2 1351    2  972    2  213    2  334    0    0    0    0    0
    0    0    0    0    0    0    0    0    0    0    0    0    0    0
    0    0    0    0    0    0    0    0    0    0    0    0    0    0
    0    0    0    0    0    0    0    0    0    0    0    0    0    0
    0    0    0    0    0    0    0    0    0    0    0    0    0    0
    0    0    0    0    0    0    0    0    0    0    0    0    0    0
    0    0    0    0    0    0    0    0    0    0    0    0    0    0
    0    0    0    0    0    0    0    0    0    0    0    0    0    0
    0    0    0    0    0    0    0    0    0    0    0    0    0    0
    0    0    0    0    0    0    0    0    0    0    0    0    0    0
    0    0    0    0    0    0    0    0    0    0    0    0    0    0
    0    0    0    0    0    0    0    0    0    0    0    0    0    0
    0    0    0    0    0]
Wörter: instruction cache parity error corrected, Vorhersage: statisch, Werte: [-0.99999905], [-0.999999], [-1.], [-1.], [-1.], [-1.], [-1.], [-1.], [-0.99998593]

Log: total of 99 ddr error(s) detected and corrected
[676   2 135   2  57   2 476   2 213   9  48  10   2 296   2 292   2 334
   0   0   0   0   0   0   0   0   0   0   0   0   0   0   0   0   0   0
   0   0   0   0   0   0   0   0   0   0   0   0   0   0   0   0   0   0
   0   0   0   0   0   0   0   0   0   0   0   0   0   0   0   0   0   0
   0   0   0   0   0   0   0   0   0   0   0   0   0   0   0   0   0   0
   0   0   0   0   0   0   0   0   0   0   0   0   0   0   0   0   0   0
   0   0   0   0   0   0   0   0   0   0   0   0   0   0   0   0   0   0
   0   0   0   0   0   0   0   0   0   0   0   0   0   0   0   0   0   0
   0   0   0   0   0   0   0   0   0   0   0   0   0   0   0   0   0   0
   0   0   0   0   0   0   0   0   0   0   0]
Wörter: total of , Vorhersage: statisch, Werte: [-0.999866], [-0.99995583], [-0.99934137], [-0.9993315]
Wörter: 99 , Vorhersage: variabel, Werte: [1.], [1.]
Wörter: ddr error(s) detected and corrected, Vorhersage: statisch, Werte: [-0.99999875], [-0.99999946], [-0.998787], [-0.9889607], [-0.9994322], [-0.9988418], [-0.9990943], [-0.9999737], [-0.99997747], [-0.99998456], [-0.9999962], [-0.99962103]

Log: 99.999.9.9:99999 Served block blk_-99999999999999999 to /99.999.9.9
[  57   15   62   15   17   15   17   18   73    2  409    2  719    2
 2286   40   28   14   81   17    2  472    2   16   57   15   62   15
   17   15   17    0    0    0    0    0    0    0    0    0    0    0
    0    0    0    0    0    0    0    0    0    0    0    0    0    0
    0    0    0    0    0    0    0    0    0    0    0    0    0    0
    0    0    0    0    0    0    0    0    0    0    0    0    0    0
    0    0    0    0    0    0    0    0    0    0    0    0    0    0
    0    0    0    0    0    0    0    0    0    0    0    0    0    0
    0    0    0    0    0    0    0    0    0    0    0    0    0    0
    0    0    0    0    0    0    0    0    0    0    0    0    0    0
    0    0    0    0    0    0    0    0    0    0    0    0    0    0
    0    0    0    0    0    0    0    0    0    0    0    0    0    0
    0    0    0    0    0]
Wörter: 99.999.9.9:99999 , Vorhersage: variabel, Werte: [1.], [1.], [1.], [1.], [1.], [1.], [1.], [1.], [1.], [1.]
Wörter: served block , Vorhersage: statisch, Werte: [-0.9985482], [-0.99749875], [-0.99999225], [-0.99998254]
Wörter: blk_-99999999999999999 , Vorhersage: variabel, Werte: [0.7247528], [0.890573], [0.96943724], [0.9749055], [0.875525], [0.9997866], [0.9999745]
Wörter: to , Vorhersage: statisch, Werte: [-0.9999832], [-0.9999935]
Wörter: /99.999.9.9, Vorhersage: variabel, Werte: [0.99999803], [1.], [1.], [1.], [1.], [1.], [1.], [1.]

Log: BLOCK* NameSystem.allocateBlock: /mnt/hadoop/mapred/system/job_999999999999_9999/job.jar. blk_9999999999999999999
[ 719   11    2 1614  276   15 2124 2900  337   89  314   18    2   16
   42  178   16   37 1306 1470   16  218   80   85   16  276   16 4129
   28 2064   28   58   16 4129   15 1396   15    2 2286   40   28   81
   62    0    0    0    0    0    0    0    0    0    0    0    0    0
    0    0    0    0    0    0    0    0    0    0    0    0    0    0
    0    0    0    0    0    0    0    0    0    0    0    0    0    0
    0    0    0    0    0    0    0    0    0    0    0    0    0    0
    0    0    0    0    0    0    0    0    0    0    0    0    0    0
    0    0    0    0    0    0    0    0    0    0    0    0    0    0
    0    0    0    0    0    0    0    0    0    0    0    0    0    0
    0    0    0    0    0    0    0    0    0    0    0    0    0    0
    0    0    0    0    0    0    0    0    0    0    0    0    0    0
    0    0    0    0    0]
Wörter: block* , Vorhersage: statisch, Werte: [-0.9999896], [-0.9999944], [-0.99998057]
Wörter: namesystem.allocateblo, Vorhersage: variabel, Werte: [0.3642681], [0.90031093], [0.9529689], [0.9728738], [0.9867622], [0.9706228], [0.19387631]
Wörter: ck: /m, Vorhersage: statisch, Werte: [-0.873267], [-0.997639], [-0.99197173], [-0.02840983], [-0.23875926]
Wörter: nt/hadoop/mapred/system/job_999999999999_9999/job.jar. blk_9999999999999999999, Vorhersage: variabel, Werte: [0.37343848], [0.9897354], [0.9968053], [0.99697655], [0.9985213], [0.99998266], [0.9999938], [0.9999993], [0.9999521], [0.99999577], [0.9999985], [1.], [0.99999356], [0.99998635], [0.9999994], [1.], [1.], [1.], [1.], [1.], [1.], [0.99999064], [0.99999917], [0.9997644], [0.9991747], [0.99902225], [0.9998004], [0.9999995]

Log: 99.999.99.999:99999 Starting thread to transfer block blk_-9999999999999999999 to 99.999.999.999:99999, 99.999.99.999:99999
[  57   15   62   15   57   15   62   18   73    2 1288    2 3261    2
  472    2  466  246   48 2317    2  719    2 2286   40   28   14   81
   62    2  472    2   57   15   62   15   62   15   62   18   73   13
    2   57   15   62   15   57   15   62   18   73    0    0    0    0
    0    0    0    0    0    0    0    0    0    0    0    0    0    0
    0    0    0    0    0    0    0    0    0    0    0    0    0    0
    0    0    0    0    0    0    0    0    0    0    0    0    0    0
    0    0    0    0    0    0    0    0    0    0    0    0    0    0
    0    0    0    0    0    0    0    0    0    0    0    0    0    0
    0    0    0    0    0    0    0    0    0    0    0    0    0    0
    0    0    0    0    0    0    0    0    0    0    0    0    0    0
    0    0    0    0    0    0    0    0    0    0    0    0    0    0
    0    0    0    0    0]
Wörter: 99.999.99.999:99999 , Vorhersage: variabel, Werte: [1.], [1.], [1.], [1.], [1.], [1.], [1.], [1.], [1.], [1.]
Wörter: starting thread to transfer block , Vorhersage: statisch, Werte: [-0.99999964], [-1.], [-1.], [-1.], [-1.], [-1.], [-0.9999991], [-0.99999976], [-0.99999946], [-1.], [-1.], [-1.], [-1.]
Wörter: blk_-9999999999999999999 , Vorhersage: variabel, Werte: [0.05401229], [0.8284551], [0.97287554], [0.9901354], [0.9606589], [0.99998575], [0.9999847]
Wörter: to , Vorhersage: statisch, Werte: [-0.9987444], [-0.99867934]
Wörter: 99.999.999.999:99999, 99.999.99.999:99999, Vorhersage: variabel, Werte: [1.], [1.], [1.], [1.], [1.], [1.], [1.], [1.], [1.], [1.], [1.], [1.], [1.], [1.], [1.], [1.], [1.], [1.], [1.], [1.]

Log: rs.sinajs.cn:99 open through proxy proxy.cse.cuhk.edu.hk:9999 HTTPS
[3055   15 1635   15  548   18   57    2  264    2  258    2  191    2
  191   15  243   15  244   15  242   15  188   18   58    2  274    0
    0    0    0    0    0    0    0    0    0    0    0    0    0    0
    0    0    0    0    0    0    0    0    0    0    0    0    0    0
    0    0    0    0    0    0    0    0    0    0    0    0    0    0
    0    0    0    0    0    0    0    0    0    0    0    0    0    0
    0    0    0    0    0    0    0    0    0    0    0    0    0    0
    0    0    0    0    0    0    0    0    0    0    0    0    0    0
    0    0    0    0    0    0    0    0    0    0    0    0    0    0
    0    0    0    0    0    0    0    0    0    0    0    0    0    0
    0    0    0    0    0    0    0    0    0    0    0    0    0    0
    0    0    0    0    0    0    0    0    0    0    0    0    0    0
    0    0    0    0    0]
Wörter: rs.sinajs.cn:99 , Vorhersage: variabel, Werte: [0.99800885], [0.9999404], [0.999992], [0.9999991], [0.99999934], [0.99998105], [1.], [1.]
Wörter: open through proxy , Vorhersage: statisch, Werte: [-0.99999905], [-0.9999996], [-1.], [-1.], [-0.9996224], [-0.9992924]
Wörter: proxy.cse.cuhk.edu.hk:9999 , Vorhersage: variabel, Werte: [1.], [1.], [1.], [1.], [1.], [1.], [1.], [1.], [1.], [0.9999398], [1.], [1.]
Wörter: https, Vorhersage: statisch, Werte: [-1.]

Log: pic9.zhimg.com:999 close, 9999 bytes (9.99 KB) sent, 9999 bytes (9.99 KB) received, lifetime 99:99
[1848   17   15 2411   15  185   18   62    2  232   13    2   58    2
  209    2    9   17   15   57    2  210   10    2  281   13    2   58
    2  209    2    9   17   15   57    2  210   10    2  269   13    2
  283    2   57   18   57    0    0    0    0    0    0    0    0    0
    0    0    0    0    0    0    0    0    0    0    0    0    0    0
    0    0    0    0    0    0    0    0    0    0    0    0    0    0
    0    0    0    0    0    0    0    0    0    0    0    0    0    0
    0    0    0    0    0    0    0    0    0    0    0    0    0    0
    0    0    0    0    0    0    0    0    0    0    0    0    0    0
    0    0    0    0    0    0    0    0    0    0    0    0    0    0
    0    0    0    0    0    0    0    0    0    0    0    0    0    0
    0    0    0    0    0    0    0    0    0    0    0    0    0    0
    0    0    0    0    0]
Wörter: pic9.zhimg.com:999 , Vorhersage: variabel, Werte: [0.99996036], [1.], [1.], [1.], [1.], [0.9999998], [0.9999376], [0.99999964], [0.9999932]
Wörter: close, , Vorhersage: statisch, Werte: [-0.99999887], [-0.9999991], [-0.9999994]
Wörter: 9999 , Vorhersage: variabel, Werte: [0.99999833], [0.9999991]
Wörter: bytes , Vorhersage: statisch, Werte: [-1.], [-1.]
Wörter: (9.99 kb) , Vorhersage: variabel, Werte: [0.9993376], [1.], [1.], [1.], [1.], [0.9988762], [0.9997271], [0.9999978]
Wörter: sent, , Vorhersage: statisch, Werte: [-0.9999939], [-0.99999547], [-0.9999948]
Wörter: 9999 , Vorhersage: variabel, Werte: [1.], [1.]
Wörter: bytes , Vorhersage: statisch, Werte: [-0.9999991], [-0.9999989]
Wörter: (9.99 kb) , Vorhersage: variabel, Werte: [0.99995905], [1.], [1.], [1.], [1.], [0.9999997], [1.], [1.]
Wörter: received, lifetime , Vorhersage: statisch, Werte: [-0.9999945], [-0.99999934], [-1.], [-0.9999594], [-0.9998175]
Wörter: 99:99, Vorhersage: variabel, Werte: [1.], [1.], [1.]

Log: ping9.teamviewer.com:999 (IPv9) error : Could not connect through proxy proxy.cse.cuhk.edu.hk:9999 - Proxy server cannot establish a connection with the target, status code 999
[1555   17   15 1531   15  185   18   62    2    9 2087   17   10    2
  213    2   18    2  494    2  107    2  291    2  258    2  191    2
  191   15  243   15  244   15  242   15  188   18   58    2   14    2
  191    2  483    2  731    2  363    2   30    2  310    2  341    2
  129    2  457   13    2  431    2  471    2   62    0    0    0    0
    0    0    0    0    0    0    0    0    0    0    0    0    0    0
    0    0    0    0    0    0    0    0    0    0    0    0    0    0
    0    0    0    0    0    0    0    0    0    0    0    0    0    0
    0    0    0    0    0    0    0    0    0    0    0    0    0    0
    0    0    0    0    0    0    0    0    0    0    0    0    0    0
    0    0    0    0    0    0    0    0    0    0    0    0    0    0
    0    0    0    0    0    0    0    0    0    0    0    0    0    0
    0    0    0    0    0]
Wörter: ping9.teamviewer.com:999 (ipv9) , Vorhersage: variabel, Werte: [0.99999535], [1.], [1.], [1.], [1.], [1.], [0.9999802], [1.], [0.9999966], [0.9972328], [0.9987712], [0.9999901], [0.99999636], [0.9999951]
Wörter: error : could not connect through proxy , Vorhersage: statisch, Werte: [-0.9999108], [-0.9999587], [-0.9998208], [-0.9994986], [-0.99999803], [-0.9999997], [-1.], [-1.], [-1.], [-1.], [-1.], [-1.], [-1.], [-0.9999994]
Wörter: proxy.cse.cuhk.edu.hk:9999 , Vorhersage: variabel, Werte: [0.9999687], [1.], [1.], [1.], [1.], [1.], [1.], [1.], [1.], [0.99999964], [1.], [1.]
Wörter: - proxy server cannot establish a connection with the target, status code , Vorhersage: statisch, Werte: [-0.9999988], [-0.99999946], [-0.9999805], [-0.99991196], [-0.99999917], [-0.9999992], [-1.], [-1.], [-1.], [-1.], [-0.99998355], [-0.9999853], [-0.99999833], [-0.9999988], [-1.], [-1.], [-1.], [-1.], [-1.], [-0.9999974], [-0.9999819], [-0.9946893], [-0.9966027], [-0.99990493], [-0.99990296]
Wörter: 999, Vorhersage: variabel, Werte: [0.99995923]

Log: Component State Change: Component \999alt9\999 is in the unavailable state (HWID=9999)
[317   2 271   2 367  18   2 317   2  26  62 593  17  26  62   2 216   2
  66   2 129   2 366   2 271   2   9 423  21  58  10   0   0   0   0   0
   0   0   0   0   0   0   0   0   0   0   0   0   0   0   0   0   0   0
   0   0   0   0   0   0   0   0   0   0   0   0   0   0   0   0   0   0
   0   0   0   0   0   0   0   0   0   0   0   0   0   0   0   0   0   0
   0   0   0   0   0   0   0   0   0   0   0   0   0   0   0   0   0   0
   0   0   0   0   0   0   0   0   0   0   0   0   0   0   0   0   0   0
   0   0   0   0   0   0   0   0   0   0   0   0   0   0   0   0   0   0
   0   0   0   0   0   0   0   0   0   0   0   0   0   0   0   0   0   0
   0   0   0   0   0   0   0   0   0   0   0]
Wörter: component state change: component , Vorhersage: statisch, Werte: [-0.9999995], [-0.9999989], [-0.99999905], [-0.99999934], [-0.99999833], [-1.], [-0.9999994], [-0.99999547], [-0.9999844]
Wörter: \999alt9\999 , Vorhersage: variabel, Werte: [0.99999887], [1.], [1.], [1.], [0.99999756], [1.], [1.]
Wörter: is in the unavailable state , Vorhersage: statisch, Werte: [-0.99999917], [-1.], [-0.99999887], [-0.9999988], [-1.], [-1.], [-0.99999833], [-1.], [-0.99945104], [-0.9998702]
Wörter: (hwid=9999), Vorhersage: variabel, Werte: [0.99999243], [1.], [0.99999285], [1.], [0.999987]

Log: unix.hw state_change.unavailable 9999999999 9 Component State Change: Component \999alt9\999 is in the unavailable state (HWID=9999)
[490  15 491   2 271  28 367  15 366   2 293   2  17   2 317   2 271   2
 367  18   2 317   2  26  62 593  17  26  62   2 216   2  66   2 129   2
 366   2 271   2   9 423  21  58  10   0   0   0   0   0   0   0   0   0
   0   0   0   0   0   0   0   0   0   0   0   0   0   0   0   0   0   0
   0   0   0   0   0   0   0   0   0   0   0   0   0   0   0   0   0   0
   0   0   0   0   0   0   0   0   0   0   0   0   0   0   0   0   0   0
   0   0   0   0   0   0   0   0   0   0   0   0   0   0   0   0   0   0
   0   0   0   0   0   0   0   0   0   0   0   0   0   0   0   0   0   0
   0   0   0   0   0   0   0   0   0   0   0   0   0   0   0   0   0   0
   0   0   0   0   0   0   0   0   0   0   0]
Wörter: unix.hw state_change.unavailable 9999999999 9 , Vorhersage: variabel, Werte: [0.99958634], [0.99961483], [0.9996652], [0.9999803], [0.99687225], [0.9998926], [0.9999664], [0.99999505], [0.99999917], [0.9999991], [0.9999995], [0.9999969], [0.99999887], [0.9999993]
Wörter: component state change: component , Vorhersage: statisch, Werte: [-1.], [-1.], [-0.99999964], [-0.9999993], [-0.9999842], [-0.99999726], [-0.9999904], [-0.9999874], [-0.9999602]
Wörter: \999alt9\999 , Vorhersage: variabel, Werte: [0.9999994], [1.], [1.], [1.], [0.9999981], [1.], [1.]
Wörter: is in the unavailable state , Vorhersage: statisch, Werte: [-0.9999988], [-1.], [-0.9999989], [-0.99999887], [-1.], [-1.], [-0.9999984], [-1.], [-0.9994704], [-0.9998756]
Wörter: (hwid=9999), Vorhersage: variabel, Werte: [0.99999213], [1.], [0.9999926], [1.], [0.9999867]

Log: node-999 node status 9999999999 9 configured out
[  70   14   62    2   70    2  431    2  293    2   17    2 1373    2
  266    0    0    0    0    0    0    0    0    0    0    0    0    0
    0    0    0    0    0    0    0    0    0    0    0    0    0    0
    0    0    0    0    0    0    0    0    0    0    0    0    0    0
    0    0    0    0    0    0    0    0    0    0    0    0    0    0
    0    0    0    0    0    0    0    0    0    0    0    0    0    0
    0    0    0    0    0    0    0    0    0    0    0    0    0    0
    0    0    0    0    0    0    0    0    0    0    0    0    0    0
    0    0    0    0    0    0    0    0    0    0    0    0    0    0
    0    0    0    0    0    0    0    0    0    0    0    0    0    0
    0    0    0    0    0    0    0    0    0    0    0    0    0    0
    0    0    0    0    0    0    0    0    0    0    0    0    0    0
    0    0    0    0    0]
Wörter: node-999 node status 9999999999 9 , Vorhersage: variabel, Werte: [0.9998227], [0.9996523], [0.9999996], [0.9999995], [0.99997574], [0.99998003], [1.], [1.], [0.99999857], [0.99999684], [1.], [1.]
Wörter: configured out, Vorhersage: statisch, Werte: [-0.99965805], [-0.9999541], [-0.9999527]

Log: My election bind port: 9.9.9.9/9.9.9.9:9999
[1066    2 1217    2 3828    2  900   18    2   17   15   17   15   17
   15   17   16   17   15   17   15   17   15   17   18   58    0    0
    0    0    0    0    0    0    0    0    0    0    0    0    0    0
    0    0    0    0    0    0    0    0    0    0    0    0    0    0
    0    0    0    0    0    0    0    0    0    0    0    0    0    0
    0    0    0    0    0    0    0    0    0    0    0    0    0    0
    0    0    0    0    0    0    0    0    0    0    0    0    0    0
    0    0    0    0    0    0    0    0    0    0    0    0    0    0
    0    0    0    0    0    0    0    0    0    0    0    0    0    0
    0    0    0    0    0    0    0    0    0    0    0    0    0    0
    0    0    0    0    0    0    0    0    0    0    0    0    0    0
    0    0    0    0    0    0    0    0    0    0    0    0    0    0
    0    0    0    0    0]
Wörter: my election bind port: , Vorhersage: statisch, Werte: [-0.9979859], [-0.9928276], [-0.99999386], [-0.99999183], [-0.9974319], [-0.99976695], [-0.9979756], [-0.9998893], [-0.999898]
Wörter: 9.9.9.9/9.9.9.9:9999, Vorhersage: variabel, Werte: [1.], [1.], [1.], [1.], [1.], [1.], [1.], [1.], [1.], [1.], [1.], [1.], [1.], [1.], [1.], [1.], [1.]

Log: Closed socket connection for client /99.99.99.99:99999 which had sessionid 9x99f9a99999b999e
[389   2 382   2 310   2 127   2 268   2  16  57  15  57  15  57  15  57
  18  73   2 391   2 398   2 294   2  17  53  57  35  17  30  73  31  62
  34   0   0   0   0   0   0   0   0   0   0   0   0   0   0   0   0   0
   0   0   0   0   0   0   0   0   0   0   0   0   0   0   0   0   0   0
   0   0   0   0   0   0   0   0   0   0   0   0   0   0   0   0   0   0
   0   0   0   0   0   0   0   0   0   0   0   0   0   0   0   0   0   0
   0   0   0   0   0   0   0   0   0   0   0   0   0   0   0   0   0   0
   0   0   0   0   0   0   0   0   0   0   0   0   0   0   0   0   0   0
   0   0   0   0   0   0   0   0   0   0   0   0   0   0   0   0   0   0
   0   0   0   0   0   0   0   0   0   0   0]
Wörter: closed socket connection for client , Vorhersage: statisch, Werte: [-1.], [-1.], [-1.], [-1.], [-1.], [-1.], [-1.], [-1.], [-1.], [-1.]
Wörter: /99.99.99.99:99999 , Vorhersage: variabel, Werte: [0.9999883], [1.], [1.], [1.], [1.], [1.], [1.], [1.], [1.], [1.], [1.]
Wörter: which had sessionid , Vorhersage: statisch, Werte: [-1.], [-1.], [-1.], [-1.], [-0.9999925], [-0.9999766]
Wörter: 9x99f9a99999b999e, Vorhersage: variabel, Werte: [1.], [1.], [1.], [1.], [1.], [1.], [1.], [1.], [1.], [1.]

Log: caught end of stream exception
[1090    2  771    2  135    2 1301    2  687    0    0    0    0    0
    0    0    0    0    0    0    0    0    0    0    0    0    0    0
    0    0    0    0    0    0    0    0    0    0    0    0    0    0
    0    0    0    0    0    0    0    0    0    0    0    0    0    0
    0    0    0    0    0    0    0    0    0    0    0    0    0    0
    0    0    0    0    0    0    0    0    0    0    0    0    0    0
    0    0    0    0    0    0    0    0    0    0    0    0    0    0
    0    0    0    0    0    0    0    0    0    0    0    0    0    0
    0    0    0    0    0    0    0    0    0    0    0    0    0    0
    0    0    0    0    0    0    0    0    0    0    0    0    0    0
    0    0    0    0    0    0    0    0    0    0    0    0    0    0
    0    0    0    0    0    0    0    0    0    0    0    0    0    0
    0    0    0    0    0]
Wörter: caught end of stream exception, Vorhersage: statisch, Werte: [-0.9998841], [-0.9999777], [-0.99573934], [-0.9965134], [-0.99994767], [-0.9999813], [-0.9999963], [-0.9999993], [-0.99998873]
Model: "sequential"
┏━━━━━━━━━━━━━━━━━━━━━━━━━━━━━━━━━━━━━━┳━━━━━━━━━━━━━━━━━━━━━━━━━━━━━┳━━━━━━━━━━━━━━━━━┓
┃ Layer (type)                         ┃ Output Shape                ┃         Param # ┃
┡━━━━━━━━━━━━━━━━━━━━━━━━━━━━━━━━━━━━━━╇━━━━━━━━━━━━━━━━━━━━━━━━━━━━━╇━━━━━━━━━━━━━━━━━┩
│ embedding (Embedding)                │ (None, 173, 64)             │         271,808 │
├──────────────────────────────────────┼─────────────────────────────┼─────────────────┤
│ bidirectional (Bidirectional)        │ (None, 173, 256)            │         148,992 │
├──────────────────────────────────────┼─────────────────────────────┼─────────────────┤
│ time_distributed (TimeDistributed)   │ (None, 173, 128)            │          32,896 │
├──────────────────────────────────────┼─────────────────────────────┼─────────────────┤
│ dropout (Dropout)                    │ (None, 173, 128)            │               0 │
├──────────────────────────────────────┼─────────────────────────────┼─────────────────┤
│ time_distributed_1 (TimeDistributed) │ (None, 173, 1)              │             129 │
└──────────────────────────────────────┴─────────────────────────────┴─────────────────┘
 Total params: 1,361,477 (5.19 MB)
 Trainable params: 453,825 (1.73 MB)
 Non-trainable params: 0 (0.00 B)
 Optimizer params: 907,652 (3.46 MB)

Training auf folgende Datei: Datensätze/Vorbereitete Daten/bgl_v1/unique_data/content_list_bgl_unique.txt
Total Trainings-Loss: [0.013391125947237015, 0.0018077613785862923, 0.001272018300369382, 0.0009679130162112415, 0.0008078519022092223, 0.0006635466124862432, 0.00047067084233276546, 0.000387029314879328, 0.0003977921442128718, 0.0003125796210952103]
Total Trainings-Accuracy: [0.9165661334991455, 0.922597348690033, 0.9227041006088257, 0.9228308200836182, 0.9228777885437012, 0.9229106903076172, 0.9229563474655151, 0.9230024218559265, 0.9229931235313416, 0.9230104088783264]
Total Validierungs-Loss: [0.002263222588226199, 0.0014771245187148452, 0.0012320312671363354, 0.001014149747788906, 0.0010553949978202581, 0.0009301823447458446, 0.0009907926432788372, 0.0008831762243062258, 0.0009508226066827774, 0.0009017674601636827]
Total Validierungs-Accuracy: [0.9230989813804626, 0.9234685897827148, 0.9235622882843018, 0.9236199855804443, 0.9235839247703552, 0.9236908555030823, 0.9237172603607178, 0.9237293601036072, 0.9236702919006348, 0.9237162470817566]
