Loss: 0.0006778876995667815, Accuracy: 0.9998564124107361

Log: 9 ddr errors(s) detected and corrected on rank 9, symbol 9, bit 9
[  17    2  465    2 1157    9   47   10    2  330    2  345    2  357
    2   88    2  606    2   17   13    2  594    2   17   13    2 1133
    2   17    0    0    0    0    0    0    0    0    0    0    0    0
    0    0    0    0    0    0    0    0    0    0    0    0    0    0
    0    0    0    0    0    0    0    0    0    0    0    0    0    0
    0    0    0    0    0    0    0    0    0    0    0    0    0    0
    0    0    0    0    0    0    0    0    0    0    0    0    0    0
    0    0    0    0    0    0    0    0    0    0    0    0    0    0
    0    0    0    0    0    0    0    0    0    0    0    0    0    0
    0    0    0    0    0    0    0    0    0    0    0    0    0    0
    0    0    0    0    0    0    0    0    0    0    0    0    0    0
    0    0    0    0    0    0    0    0    0    0    0    0    0    0
    0    0    0    0    0]
Wörter: 9 , Vorhersage: variabel, Werte: [0.98669064], [0.99499893]
Wörter: ddr errors(s) detected and corrected on rank , Vorhersage: statisch, Werte: [1.6638438e-06], [1.41815e-06], [0.00018996], [0.00020804], [1.4650419e-06], [2.940528e-06], [9.303971e-07], [5.4963934e-06], [3.3626352e-06], [2.3111328e-08], [2.964937e-07], [3.652999e-05], [8.988875e-05], [6.7552035e-05], [0.00035652], [0.00026469], [0.00221909]
Wörter: 9, , Vorhersage: variabel, Werte: [0.99999106], [0.99999154], [0.999995]
Wörter: symbol , Vorhersage: statisch, Werte: [3.353594e-05], [7.653696e-05]
Wörter: 9, bit 9, Vorhersage: variabel, Werte: [1.], [0.9999999], [0.99999976], [0.9995228], [0.9995585], [0.99999523]

Log: instruction cache parity error corrected
[ 494    2 1424    2  950    2  222    2  357    0    0    0    0    0
    0    0    0    0    0    0    0    0    0    0    0    0    0    0
    0    0    0    0    0    0    0    0    0    0    0    0    0    0
    0    0    0    0    0    0    0    0    0    0    0    0    0    0
    0    0    0    0    0    0    0    0    0    0    0    0    0    0
    0    0    0    0    0    0    0    0    0    0    0    0    0    0
    0    0    0    0    0    0    0    0    0    0    0    0    0    0
    0    0    0    0    0    0    0    0    0    0    0    0    0    0
    0    0    0    0    0    0    0    0    0    0    0    0    0    0
    0    0    0    0    0    0    0    0    0    0    0    0    0    0
    0    0    0    0    0    0    0    0    0    0    0    0    0    0
    0    0    0    0    0    0    0    0    0    0    0    0    0    0
    0    0    0    0    0]
Wörter: instruction cache parity error corrected, Vorhersage: statisch, Werte: [0.07015003], [0.08868554], [0.00021871], [0.00040509], [0.0072969], [0.00881463], [0.00199466], [0.00056917], [1.9531528e-05]

Log: total of 99 ddr error(s) detected and corrected
[663   2 132   2  56   2 465   2 222   9  47  10   2 330   2 345   2 357
   0   0   0   0   0   0   0   0   0   0   0   0   0   0   0   0   0   0
   0   0   0   0   0   0   0   0   0   0   0   0   0   0   0   0   0   0
   0   0   0   0   0   0   0   0   0   0   0   0   0   0   0   0   0   0
   0   0   0   0   0   0   0   0   0   0   0   0   0   0   0   0   0   0
   0   0   0   0   0   0   0   0   0   0   0   0   0   0   0   0   0   0
   0   0   0   0   0   0   0   0   0   0   0   0   0   0   0   0   0   0
   0   0   0   0   0   0   0   0   0   0   0   0   0   0   0   0   0   0
   0   0   0   0   0   0   0   0   0   0   0   0   0   0   0   0   0   0
   0   0   0   0   0   0   0   0   0   0   0]
Wörter: total of , Vorhersage: statisch, Werte: [7.7084784e-05], [4.6666566e-05], [0.0009495], [0.0020721]
Wörter: 99 , Vorhersage: variabel, Werte: [0.9999995], [0.99999845]
Wörter: ddr error(s) detected and corrected, Vorhersage: statisch, Werte: [3.7083212e-06], [3.1971645e-06], [0.00065943], [0.00013907], [4.3182834e-07], [8.111348e-07], [3.9031198e-07], [7.550511e-05], [5.148918e-05], [1.8079791e-06], [1.5259675e-05], [0.00219862]

Log: 99.999.9.9:99999 Served block blk_-99999999999999999 to /99.999.9.9
[ 56  15  60  15  17  15  17  18  65   2 300   2 128   2 141  27  14 317
   2  90   2  16  56  15  60  15  17  15  17   0   0   0   0   0   0   0
   0   0   0   0   0   0   0   0   0   0   0   0   0   0   0   0   0   0
   0   0   0   0   0   0   0   0   0   0   0   0   0   0   0   0   0   0
   0   0   0   0   0   0   0   0   0   0   0   0   0   0   0   0   0   0
   0   0   0   0   0   0   0   0   0   0   0   0   0   0   0   0   0   0
   0   0   0   0   0   0   0   0   0   0   0   0   0   0   0   0   0   0
   0   0   0   0   0   0   0   0   0   0   0   0   0   0   0   0   0   0
   0   0   0   0   0   0   0   0   0   0   0   0   0   0   0   0   0   0
   0   0   0   0   0   0   0   0   0   0   0]
Wörter: 99.999.9.9:99999 , Vorhersage: variabel, Werte: [1.], [1.], [1.], [1.], [1.], [0.9999999], [0.9999999], [0.99999475], [0.9999993], [0.9999968]
Wörter: served block , Vorhersage: statisch, Werte: [1.3616236e-11], [1.3598405e-11], [2.3218524e-11], [1.8696785e-08]
Wörter: blk_-99999999999999999 , Vorhersage: variabel, Werte: [1.], [1.], [0.99999964], [0.99999857], [0.9999982]
Wörter: to , Vorhersage: statisch, Werte: [2.3337566e-06], [8.807725e-06]
Wörter: /99.999.9.9, Vorhersage: variabel, Werte: [0.99998343], [0.9999994], [0.999995], [0.99999917], [0.99999404], [0.99999785], [0.9999865], [0.9999136]

Log: BLOCK* NameSystem.allocateBlock: /mnt/hadoop/mapred/system/job_999999999999_9999/job.jar. blk_9999999999999999999
[ 128   11    2  299   15  492   18    2   16  730   16  738   16 1289
   16  293   16  602   27  487   27   57   16  602   15 1179   15    2
  141   27  207    0    0    0    0    0    0    0    0    0    0    0
    0    0    0    0    0    0    0    0    0    0    0    0    0    0
    0    0    0    0    0    0    0    0    0    0    0    0    0    0
    0    0    0    0    0    0    0    0    0    0    0    0    0    0
    0    0    0    0    0    0    0    0    0    0    0    0    0    0
    0    0    0    0    0    0    0    0    0    0    0    0    0    0
    0    0    0    0    0    0    0    0    0    0    0    0    0    0
    0    0    0    0    0    0    0    0    0    0    0    0    0    0
    0    0    0    0    0    0    0    0    0    0    0    0    0    0
    0    0    0    0    0    0    0    0    0    0    0    0    0    0
    0    0    0    0    0]
Wörter: block* namesystem.allocateblock: , Vorhersage: statisch, Werte: [1.1579375e-06], [1.0665987e-06], [1.2886537e-05], [5.237886e-07], [7.472609e-07], [3.9832152e-08], [1.7469225e-07], [1.0150735e-06]
Wörter: /mnt/hadoop/mapred/system/job_999999999999_9999/job.jar. blk_9999999999999999999, Vorhersage: variabel, Werte: [0.9998385], [0.99996233], [0.9999906], [0.9999939], [0.99999547], [0.99999726], [0.9999981], [0.99999917], [0.99999964], [0.9999995], [0.9999987], [0.99999964], [0.99999964], [1.], [1.], [0.99999976], [0.99999917], [0.9999982], [0.9999838], [0.9999943], [1.], [1.], [0.9999993]

Log: 99.999.99.999:99999 Starting thread to transfer block blk_-9999999999999999999 to 99.999.999.999:99999, 99.999.99.999:99999
[ 56  15  60  15  56  15  60  18  65   2 321   2 325   2  90   2 326   2
 128   2 141  27  14 207   2  90   2  56  15  60  15  60  15  60  18  65
  13   2  56  15  60  15  56  15  60  18  65   0   0   0   0   0   0   0
   0   0   0   0   0   0   0   0   0   0   0   0   0   0   0   0   0   0
   0   0   0   0   0   0   0   0   0   0   0   0   0   0   0   0   0   0
   0   0   0   0   0   0   0   0   0   0   0   0   0   0   0   0   0   0
   0   0   0   0   0   0   0   0   0   0   0   0   0   0   0   0   0   0
   0   0   0   0   0   0   0   0   0   0   0   0   0   0   0   0   0   0
   0   0   0   0   0   0   0   0   0   0   0   0   0   0   0   0   0   0
   0   0   0   0   0   0   0   0   0   0   0]
Wörter: 99.999.99.999:99999 , Vorhersage: variabel, Werte: [1.], [1.], [1.], [1.], [1.], [1.], [1.], [0.9999995], [0.9999999], [0.99999833]
Wörter: starting thread to transfer block , Vorhersage: statisch, Werte: [4.382078e-09], [1.8688326e-09], [1.1110848e-08], [7.0529946e-09], [5.760012e-09], [1.1315823e-08], [4.1056739e-13], [4.163281e-12], [6.6846147e-12], [3.574652e-09]
Wörter: blk_-9999999999999999999 , Vorhersage: variabel, Werte: [1.], [1.], [0.9999995], [0.9999976], [0.99999845]
Wörter: to , Vorhersage: statisch, Werte: [1.1403093e-06], [3.1544155e-06]
Wörter: 99.999.999.999:99999, 99.999.99.999:99999, Vorhersage: variabel, Werte: [1.], [1.], [1.], [1.], [1.], [1.], [1.], [1.], [1.], [1.], [1.], [1.], [1.], [1.], [1.], [1.], [1.], [1.], [1.], [1.]

Log: rs.sinajs.cn:99 open through proxy proxy.cse.cuhk.edu.hk:9999 HTTPS
[3076   15 1628   15  538   18   56    2  277    2  272    2  193    2
  193   15  253   15  254   15  241   15  192   18   57    2  284    0
    0    0    0    0    0    0    0    0    0    0    0    0    0    0
    0    0    0    0    0    0    0    0    0    0    0    0    0    0
    0    0    0    0    0    0    0    0    0    0    0    0    0    0
    0    0    0    0    0    0    0    0    0    0    0    0    0    0
    0    0    0    0    0    0    0    0    0    0    0    0    0    0
    0    0    0    0    0    0    0    0    0    0    0    0    0    0
    0    0    0    0    0    0    0    0    0    0    0    0    0    0
    0    0    0    0    0    0    0    0    0    0    0    0    0    0
    0    0    0    0    0    0    0    0    0    0    0    0    0    0
    0    0    0    0    0    0    0    0    0    0    0    0    0    0
    0    0    0    0    0]
Wörter: rs.sinajs.cn:99 , Vorhersage: variabel, Werte: [0.99994254], [0.9999739], [0.9999896], [0.9999938], [0.99999917], [0.99999547], [1.], [0.9999995]
Wörter: open through proxy , Vorhersage: statisch, Werte: [9.39429e-07], [5.402628e-07], [5.4405636e-10], [7.0460665e-10], [1.0305748e-08], [1.2213759e-07]
Wörter: proxy.cse.cuhk.edu.hk:9999 , Vorhersage: variabel, Werte: [0.9999429], [0.99999714], [1.], [1.], [1.], [1.], [1.], [1.], [1.], [0.99999976], [0.99999976], [0.99999917]
Wörter: https, Vorhersage: statisch, Werte: [4.0804653e-09]

Log: pic9.zhimg.com:999 close, 9999 bytes (9.99 KB) sent, 9999 bytes (9.99 KB) received, lifetime 99:99
[1558   17   15 2724   15  216   18   60    2  238   13    2   57    2
  212    2    9   17   15   56    2  215   10    2  298   13    2   57
    2  212    2    9   17   15   56    2  215   10    2  214   13    2
  303    2   56   18   56    0    0    0    0    0    0    0    0    0
    0    0    0    0    0    0    0    0    0    0    0    0    0    0
    0    0    0    0    0    0    0    0    0    0    0    0    0    0
    0    0    0    0    0    0    0    0    0    0    0    0    0    0
    0    0    0    0    0    0    0    0    0    0    0    0    0    0
    0    0    0    0    0    0    0    0    0    0    0    0    0    0
    0    0    0    0    0    0    0    0    0    0    0    0    0    0
    0    0    0    0    0    0    0    0    0    0    0    0    0    0
    0    0    0    0    0    0    0    0    0    0    0    0    0    0
    0    0    0    0    0]
Wörter: pic9.zhimg.com:999 , Vorhersage: variabel, Werte: [0.99995553], [0.9999999], [1.], [0.9999999], [0.9999995], [1.], [0.99999976], [0.9999999], [0.99999976]
Wörter: close, , Vorhersage: statisch, Werte: [1.9005464e-07], [4.4527653e-07], [2.9721725e-06]
Wörter: 9999 , Vorhersage: variabel, Werte: [1.], [1.]
Wörter: bytes , Vorhersage: statisch, Werte: [4.637224e-09], [1.4464291e-07]
Wörter: (9.99 kb) , Vorhersage: variabel, Werte: [0.99999964], [1.], [0.9999994], [1.], [0.9999999], [0.9999994], [0.9999995], [0.99999964]
Wörter: sent, , Vorhersage: statisch, Werte: [4.1809437e-07], [8.2282855e-07], [2.6630757e-06]
Wörter: 9999 , Vorhersage: variabel, Werte: [1.], [1.]
Wörter: bytes , Vorhersage: statisch, Werte: [7.694734e-09], [2.4895968e-07]
Wörter: (9.99 kb) , Vorhersage: variabel, Werte: [0.99999964], [1.], [0.9999994], [1.], [0.9999999], [0.9999987], [0.99999905], [0.99999917]
Wörter: received, lifetime , Vorhersage: statisch, Werte: [3.515423e-08], [8.6816584e-08], [2.7950398e-07], [8.9644395e-08], [8.991921e-07]
Wörter: 99:99, Vorhersage: variabel, Werte: [1.], [1.], [1.]

Log: ping9.teamviewer.com:999 (IPv9) error : Could not connect through proxy proxy.cse.cuhk.edu.hk:9999 - Proxy server cannot establish a connection with the target, status code 999
[1674   17   15 1645   15  216   18   60    2    9 2067   17   10    2
  222    2   18    2  491    2  108    2  316    2  272    2  193    2
  193   15  253   15  254   15  241   15  192   18   57    2   14    2
  193    2  485    2  755    2  377    2   29    2  349    2  358    2
  140    2  696   13    2  488    2  462    2   60    0    0    0    0
    0    0    0    0    0    0    0    0    0    0    0    0    0    0
    0    0    0    0    0    0    0    0    0    0    0    0    0    0
    0    0    0    0    0    0    0    0    0    0    0    0    0    0
    0    0    0    0    0    0    0    0    0    0    0    0    0    0
    0    0    0    0    0    0    0    0    0    0    0    0    0    0
    0    0    0    0    0    0    0    0    0    0    0    0    0    0
    0    0    0    0    0    0    0    0    0    0    0    0    0    0
    0    0    0    0    0]
Wörter: ping9.teamviewer.com:999 (ipv9) , Vorhersage: variabel, Werte: [0.99999094], [0.9999999], [1.], [1.], [1.], [1.], [1.], [1.], [1.], [0.99872357], [0.99989915], [0.99999404], [0.9999696], [0.99997544]
Wörter: error : could not connect through proxy , Vorhersage: statisch, Werte: [4.387807e-06], [1.7417988e-06], [0.0001276], [9.7908945e-05], [2.323713e-05], [3.162903e-05], [4.398172e-06], [2.2347374e-05], [4.973021e-07], [9.96659e-07], [1.2394289e-12], [3.972752e-12], [1.2487873e-09], [5.2142212e-08]
Wörter: proxy.cse.cuhk.edu.hk:9999 , Vorhersage: variabel, Werte: [0.9991247], [0.99993956], [0.9999975], [0.9999962], [0.9999963], [0.9999902], [0.99999416], [0.9999697], [0.99999595], [0.999539], [0.9999007], [0.9999484]
Wörter: - proxy server cannot establish a connection with the target, status code , Vorhersage: statisch, Werte: [6.4312175e-08], [1.4794916e-08], [4.128091e-07], [6.274519e-07], [1.7941905e-09], [3.5849144e-09], [3.3395497e-10], [9.616458e-10], [4.794152e-10], [4.5114262e-10], [5.687455e-10], [2.6341194e-09], [1.3428016e-06], [1.1658942e-05], [4.1769786e-07], [1.6666056e-06], [2.5725653e-09], [8.388859e-09], [5.171676e-07], [1.0855975e-07], [1.0032957e-07], [3.5027093e-05], [9.858178e-05], [0.00015895], [0.0005598]
Wörter: 999, Vorhersage: variabel, Werte: [0.99895227]

Log: Component State Change: Component \999alt9\999 is in the unavailable state (HWID=9999)
[ 894   88  259    2  514    2 1026  285   18    2  894   88  259    2
   60  209   48   17   60    2  223    2   64    2  140    2 2816    2
  514    2    9 1665   93   21   57   10    0    0    0    0    0    0
    0    0    0    0    0    0    0    0    0    0    0    0    0    0
    0    0    0    0    0    0    0    0    0    0    0    0    0    0
    0    0    0    0    0    0    0    0    0    0    0    0    0    0
    0    0    0    0    0    0    0    0    0    0    0    0    0    0
    0    0    0    0    0    0    0    0    0    0    0    0    0    0
    0    0    0    0    0    0    0    0    0    0    0    0    0    0
    0    0    0    0    0    0    0    0    0    0    0    0    0    0
    0    0    0    0    0    0    0    0    0    0    0    0    0    0
    0    0    0    0    0    0    0    0    0    0    0    0    0    0
    0    0    0    0    0]
Wörter: component state change: component , Vorhersage: statisch, Werte: [0.00409788], [0.00031511], [8.951837e-05], [6.742551e-05], [3.3602808e-07], [1.3355985e-06], [0.00077188], [0.00100136], [0.00034403], [0.0003966], [0.01114266], [0.00239361], [0.00078358], [0.00063165]
Wörter: 999alt9999 , Vorhersage: variabel, Werte: [0.99999166], [0.99997663], [0.9999666], [0.9999907], [0.9999975], [0.9999943]
Wörter: is in the unavailable state , Vorhersage: statisch, Werte: [1.8350762e-06], [2.9553044e-06], [2.38766e-05], [7.7016884e-05], [2.3853694e-08], [5.065106e-08], [7.656099e-09], [1.1739604e-08], [3.1736434e-08], [2.5741255e-07]
Wörter: (hw, Vorhersage: variabel, Werte: [0.9747003], [0.9342439]
Wörter: id=9999), Vorhersage: statisch, Werte: [0.16604762], [0.1305099], [0.45567763], [0.01711212]

Log: unix.hw state_change.unavailable 9999999999 9 Component State Change: Component \999alt9\999 is in the unavailable state (HWID=9999)
[2637   52   15 1665    2  514   27 1026  285   15 2816    2  525    2
   17    2  894   88  259    2  514    2 1026  285   18    2  894   88
  259    2   60  209   48   17   60    2  223    2   64    2  140    2
 2816    2  514    2    9 1665   93   21   57   10    0    0    0    0
    0    0    0    0    0    0    0    0    0    0    0    0    0    0
    0    0    0    0    0    0    0    0    0    0    0    0    0    0
    0    0    0    0    0    0    0    0    0    0    0    0    0    0
    0    0    0    0    0    0    0    0    0    0    0    0    0    0
    0    0    0    0    0    0    0    0    0    0    0    0    0    0
    0    0    0    0    0    0    0    0    0    0    0    0    0    0
    0    0    0    0    0    0    0    0    0    0    0    0    0    0
    0    0    0    0    0    0    0    0    0    0    0    0    0    0
    0    0    0    0    0]
Wörter: uni, Vorhersage: statisch, Werte: [0.4184635]
Wörter: x., Vorhersage: variabel, Werte: [0.93606454], [0.9242581]
Wörter: hw state_change.unavailable , Vorhersage: statisch, Werte: [0.21792088], [0.12355578], [1.8970509e-06], [1.786677e-06], [8.610005e-07], [1.7062808e-06], [4.5654997e-06], [1.7316821e-06], [5.9024383e-06]
Wörter: 9999999999 9 , Vorhersage: variabel, Werte: [0.72469246], [0.9000856], [0.99404633], [0.99958783]
Wörter: component state change: component , Vorhersage: statisch, Werte: [4.2152815e-06], [2.7880674e-07], [2.7138472e-07], [1.97654e-07], [4.277784e-09], [1.4655471e-08], [0.00011863], [0.00029156], [0.00017309], [0.00034821], [0.01272016], [0.00370129], [0.00112226], [0.0009378]
Wörter: 999alt9999 , Vorhersage: variabel, Werte: [0.9999919], [0.999969], [0.9999589], [0.9999882], [0.9999969], [0.99999356]
Wörter: is in the unavailable state , Vorhersage: statisch, Werte: [1.896161e-06], [3.0440833e-06], [2.4432971e-05], [7.886886e-05], [2.4269852e-08], [5.155696e-08], [7.74874e-09], [1.1827145e-08], [3.173389e-08], [2.5708528e-07]
Wörter: (hw, Vorhersage: variabel, Werte: [0.9747167], [0.9342178]
Wörter: id=9999), Vorhersage: statisch, Werte: [0.16768925], [0.13274288], [0.46072516], [0.01760931]

Log: node-999 node status 9999999999 9 configured out
[  74   14   60    2   74    2  488    2  525    2   17    2 1777  634
   82    2  286    0    0    0    0    0    0    0    0    0    0    0
    0    0    0    0    0    0    0    0    0    0    0    0    0    0
    0    0    0    0    0    0    0    0    0    0    0    0    0    0
    0    0    0    0    0    0    0    0    0    0    0    0    0    0
    0    0    0    0    0    0    0    0    0    0    0    0    0    0
    0    0    0    0    0    0    0    0    0    0    0    0    0    0
    0    0    0    0    0    0    0    0    0    0    0    0    0    0
    0    0    0    0    0    0    0    0    0    0    0    0    0    0
    0    0    0    0    0    0    0    0    0    0    0    0    0    0
    0    0    0    0    0    0    0    0    0    0    0    0    0    0
    0    0    0    0    0    0    0    0    0    0    0    0    0    0
    0    0    0    0    0]
Wörter: node-999 , Vorhersage: variabel, Werte: [0.9888531], [0.87250346], [0.9708995], [0.9287649]
Wörter: node status 9999999999 , Vorhersage: statisch, Werte: [0.0008132], [0.00092589], [0.00177134], [0.00159031], [0.18947814], [0.14448376]
Wörter: 9 , Vorhersage: variabel, Werte: [0.99791366], [0.99984396]
Wörter: configured out, Vorhersage: statisch, Werte: [0.0400544], [0.02446224], [0.04438476], [0.00656321], [0.00917912]

Log: My election bind port: 9.9.9.9/9.9.9.9:9999
[1093    2 1244    2 3877    2  870   18    2   17   15   17   15   17
   15   17   16   17   15   17   15   17   15   17   18   57    0    0
    0    0    0    0    0    0    0    0    0    0    0    0    0    0
    0    0    0    0    0    0    0    0    0    0    0    0    0    0
    0    0    0    0    0    0    0    0    0    0    0    0    0    0
    0    0    0    0    0    0    0    0    0    0    0    0    0    0
    0    0    0    0    0    0    0    0    0    0    0    0    0    0
    0    0    0    0    0    0    0    0    0    0    0    0    0    0
    0    0    0    0    0    0    0    0    0    0    0    0    0    0
    0    0    0    0    0    0    0    0    0    0    0    0    0    0
    0    0    0    0    0    0    0    0    0    0    0    0    0    0
    0    0    0    0    0    0    0    0    0    0    0    0    0    0
    0    0    0    0    0]
Wörter: my election bind port: , Vorhersage: statisch, Werte: [0.00950025], [0.01323155], [7.077428e-07], [1.1273329e-06], [1.3134381e-06], [1.5919478e-06], [6.7293704e-06], [1.7531643e-06], [4.0024825e-06]
Wörter: 9.9.9.9/9.9.9.9:9999, Vorhersage: variabel, Werte: [1.], [1.], [1.], [0.9999999], [1.], [1.], [1.], [1.], [1.], [1.], [1.], [1.], [1.], [1.], [1.], [1.], [0.99999976]

Log: Closed socket connection for client /99.99.99.99:99999 which had sessionid 9x99f9a99999b999e
[385   2 389   2 349   2 125   2 281   2  16  56  15  56  15  56  15  56
  18  65   2 396   2 398   2 290   2  17  52  56  34  17  29  65  30  60
  33   0   0   0   0   0   0   0   0   0   0   0   0   0   0   0   0   0
   0   0   0   0   0   0   0   0   0   0   0   0   0   0   0   0   0   0
   0   0   0   0   0   0   0   0   0   0   0   0   0   0   0   0   0   0
   0   0   0   0   0   0   0   0   0   0   0   0   0   0   0   0   0   0
   0   0   0   0   0   0   0   0   0   0   0   0   0   0   0   0   0   0
   0   0   0   0   0   0   0   0   0   0   0   0   0   0   0   0   0   0
   0   0   0   0   0   0   0   0   0   0   0   0   0   0   0   0   0   0
   0   0   0   0   0   0   0   0   0   0   0]
Wörter: closed socket connection for client , Vorhersage: statisch, Werte: [2.122529e-05], [1.770328e-05], [8.062039e-10], [2.6794005e-09], [2.0231782e-08], [2.359302e-08], [2.7313388e-10], [4.2001442e-09], [4.173315e-08], [9.70927e-07]
Wörter: /99.99.99.99:99999 , Vorhersage: variabel, Werte: [0.9999894], [0.9999999], [0.9999999], [1.], [1.], [1.], [1.], [1.], [0.9999999], [1.], [0.9999995]
Wörter: which had sessionid , Vorhersage: statisch, Werte: [5.5034924e-08], [3.7706208e-08], [5.5301147e-08], [3.552604e-08], [1.2261013e-07], [2.2771324e-07]
Wörter: 9x99f9a99999b999e, Vorhersage: variabel, Werte: [1.], [1.], [1.], [1.], [1.], [1.], [1.], [1.], [1.], [1.]

Log: caught end of stream exception
[1121    2  758    2  132    2  933    2  464    0    0    0    0    0
    0    0    0    0    0    0    0    0    0    0    0    0    0    0
    0    0    0    0    0    0    0    0    0    0    0    0    0    0
    0    0    0    0    0    0    0    0    0    0    0    0    0    0
    0    0    0    0    0    0    0    0    0    0    0    0    0    0
    0    0    0    0    0    0    0    0    0    0    0    0    0    0
    0    0    0    0    0    0    0    0    0    0    0    0    0    0
    0    0    0    0    0    0    0    0    0    0    0    0    0    0
    0    0    0    0    0    0    0    0    0    0    0    0    0    0
    0    0    0    0    0    0    0    0    0    0    0    0    0    0
    0    0    0    0    0    0    0    0    0    0    0    0    0    0
    0    0    0    0    0    0    0    0    0    0    0    0    0    0
    0    0    0    0    0]
Wörter: caught end of stream exception, Vorhersage: statisch, Werte: [0.00068143], [0.00116079], [0.00412885], [0.00581498], [0.00144627], [0.0005895], [0.00472017], [0.00021283], [2.0711643e-06]
Model: "sequential"
┏━━━━━━━━━━━━━━━━━━━━━━━━━━━━━━━━━━━━━━┳━━━━━━━━━━━━━━━━━━━━━━━━━━━━━┳━━━━━━━━━━━━━━━━━┓
┃ Layer (type)                         ┃ Output Shape                ┃         Param # ┃
┡━━━━━━━━━━━━━━━━━━━━━━━━━━━━━━━━━━━━━━╇━━━━━━━━━━━━━━━━━━━━━━━━━━━━━╇━━━━━━━━━━━━━━━━━┩
│ embedding (Embedding)                │ (None, 173, 64)             │         273,536 │
├──────────────────────────────────────┼─────────────────────────────┼─────────────────┤
│ bidirectional (Bidirectional)        │ (None, 173, 256)            │         148,992 │
├──────────────────────────────────────┼─────────────────────────────┼─────────────────┤
│ time_distributed (TimeDistributed)   │ (None, 173, 128)            │          32,896 │
├──────────────────────────────────────┼─────────────────────────────┼─────────────────┤
│ dropout (Dropout)                    │ (None, 173, 128)            │               0 │
├──────────────────────────────────────┼─────────────────────────────┼─────────────────┤
│ time_distributed_1 (TimeDistributed) │ (None, 173, 1)              │             129 │
└──────────────────────────────────────┴─────────────────────────────┴─────────────────┘
 Total params: 1,366,661 (5.21 MB)
 Trainable params: 455,553 (1.74 MB)
 Non-trainable params: 0 (0.00 B)
 Optimizer params: 911,108 (3.48 MB)

Training auf folgende Datei: Datensätze/Vorbereitete Daten/bgl_v1/2k/BGL_2k_evaluate_content.txt
Total Trainings-Loss: [0.021150607615709305, 0.0014499545795843005, 0.0008678068406879902, 0.0005508517497219145, 0.0004265774041414261, 0.0002950309426523745, 0.00019105544197373092, 0.0001492178998887539, 0.0001008224135148339, 0.0001178508682642132]
Total Trainings-Accuracy: [0.992762565612793, 0.9995942115783691, 0.9997464418411255, 0.9998335242271423, 0.9998694658279419, 0.9999083280563354, 0.9999385476112366, 0.9999542832374573, 0.9999686479568481, 0.999961256980896]
Total Validierungs-Loss: [0.002469513565301895, 0.001459368853829801, 0.0012876163236796856, 0.0013380574528127909, 0.0009351524640806019, 0.0008747028186917305, 0.0008349734707735479, 0.0007256450480781496, 0.0008412310271523893, 0.0006778963143005967]
Total Validierungs-Accuracy: [0.9994046092033386, 0.9995862245559692, 0.9996815919876099, 0.9996558427810669, 0.9997488260269165, 0.9998083114624023, 0.9998375177383423, 0.9998440146446228, 0.9998430013656616, 0.9998564124107361]
