Loss: 0.0017810773570090532, Accuracy: 0.9005882143974304

Log: 9 ddr errors(s) detected and corrected on rank 9, symbol 9, bit 9
[  9   2 341  33   2 269   3  34   4   2 189   2 112   2  20  57 174 182
   2  51   2  33  59  27   2   9   2  65  29  19  31  28   2   9   2 168
  35   2   9   0   0   0   0   0   0   0   0   0   0   0   0   0   0   0
   0   0   0   0   0   0   0   0   0   0   0   0   0   0   0   0   0   0
   0   0   0   0   0   0   0   0   0   0   0   0   0]
Wörter: 9 dd, Vorhersage: variabel, Werte: [0.999954], [0.99961627], [0.48217908]
Wörter: r errors(s) detected and , Vorhersage: statisch, Werte: [-0.7613877], [-0.96157926], [-0.99871075], [-0.9392682], [-0.93752253], [-0.98350704], [-0.99811214], [-0.9999884], [-0.99999297], [-0.999643], [-0.999442]
Wörter: corrected on, Vorhersage: variabel, Werte: [0.7885685], [0.96547675], [0.9723148], [0.9450847], [0.7509296], [0.3142927]
Wörter:  rank , Vorhersage: statisch, Werte: [-0.8799562], [-0.9749855], [-0.9978724], [-0.915738], [-0.15952334]
Wörter: 9 symbol 9 bit 9, Vorhersage: variabel, Werte: [0.99994504], [0.9999075], [0.99220437], [0.992975], [0.9978583], [0.9972404], [0.999077], [0.99951524], [0.9999922], [0.99993414], [0.990434], [0.99782026], [0.99559355], [0.997998]

Log: instruction cache parity error corrected
[ 47  48  33  36  20 147   2  20  18  79  22   2 387  26  35  40   2  81
   2  20  57 174 182   0   0   0   0   0   0   0   0   0   0   0   0   0
   0   0   0   0   0   0   0   0   0   0   0   0   0   0   0   0   0   0
   0   0   0   0   0   0   0   0   0   0   0   0   0   0   0   0   0   0
   0   0   0   0   0   0   0   0   0   0   0   0   0]
Wörter: instru, Vorhersage: statisch, Werte: [-0.9972051], [-0.9834724], [-0.96089846], [-0.83311754]
Wörter: ction cache parity error corrected, Vorhersage: variabel, Werte: [0.9727157], [0.98452777], [0.9630101], [0.9907165], [0.98376817], [0.98430544], [0.99914455], [0.9929239], [0.4905756], [0.5109262], [0.9742717], [0.9885202], [0.97247374], [0.9473947], [0.98339784], [0.9988846], [0.99769866], [0.98214376], [0.17191887]

Log: total of 99 ddr error(s) detected and corrected
[ 35  31  35  77   2 278   2  41   2 341  33   2  81   3  34   4   2 189
   2 112   2  20  57 174 182   0   0   0   0   0   0   0   0   0   0   0
   0   0   0   0   0   0   0   0   0   0   0   0   0   0   0   0   0   0
   0   0   0   0   0   0   0   0   0   0   0   0   0   0   0   0   0   0
   0   0   0   0   0   0   0   0   0   0   0   0   0]
Wörter: total, Vorhersage: variabel, Werte: [0.95521384], [0.91790634], [0.85220754], [0.515661]
Wörter:  of , Vorhersage: statisch, Werte: [-0.6266256], [-0.9940919], [-0.9623633]
Wörter: 99 ddr, Vorhersage: variabel, Werte: [0.9996704], [0.9981731], [0.5981827], [0.07106354]
Wörter:  , Vorhersage: statisch, Werte: [-0.2512902]
Wörter: error(s) , Vorhersage: variabel, Werte: [0.64069617], [0.9953556], [0.99354225], [0.94930047], [0.09675076]
Wörter: detected and , Vorhersage: statisch, Werte: [-0.99974287], [-0.9999032], [-0.9969197], [-0.99276483]
Wörter: corre, Vorhersage: variabel, Werte: [0.9682321], [0.989466], [0.9650022]
Wörter: cted, Vorhersage: statisch, Werte: [-0.06717505]

Log: 99.999.9.9:99999 Served block blk_-99999999999999999 to /99.999.9.9
[ 41   7  50   7   9   7   9  10 291   2 127   2 394   2  19  28  27  17
   6  58  58   9   2  35  31   2   8  41   7  50   7   9   7   9   0   0
   0   0   0   0   0   0   0   0   0   0   0   0   0   0   0   0   0   0
   0   0   0   0   0   0   0   0   0   0   0   0   0   0   0   0   0   0
   0   0   0   0   0   0   0   0   0   0   0   0   0]
Wörter: 99.999.9.9:99999 , Vorhersage: variabel, Werte: [1.], [1.], [1.], [1.], [1.], [1.], [1.], [0.99999666], [0.9999694], [0.9998819]
Wörter: served block , Vorhersage: statisch, Werte: [-0.13471903], [-0.8606352], [-0.9115715], [-0.9236513]
Wörter: blk_-99999999999999999 to /99.999.9.9, Vorhersage: variabel, Werte: [0.4060215], [0.9820437], [0.99978054], [1.], [1.], [1.], [1.], [1.], [0.99999756], [0.99688804], [0.9953849], [0.99930304], [0.9983898], [1.], [1.], [1.], [1.], [1.], [1.], [1.]

Log: BLOCK* NameSystem.allocateBlock: /mnt/hadoop/mapred/system/job_999999999999_9999/job.jar. blk_9999999999999999999
[394   5   2  30 167  22  68   7  77 238  20  18  56 394  10   2   8 318
  35   8  25 340 125  32   8  29  18  32 114   8  68   8  31  19  17  58
  42  17  42   8  31  19   7 118   7   2  19  28  27  17  58  58  50   0
   0   0   0   0   0   0   0   0   0   0   0   0   0   0   0   0   0   0
   0   0   0   0   0   0   0   0   0   0   0   0   0]
Wörter: block, Vorhersage: statisch, Werte: [-0.0478742]
Wörter: * namesystem.allocateblock, Vorhersage: variabel, Werte: [0.649632], [0.7034878], [0.9532562], [0.9797308], [0.9996812], [0.99862], [0.9999655], [0.99928707], [0.9868712], [0.9985275], [0.9928325], [0.9468162], [0.7513739]
Wörter: : /mnt/h, Vorhersage: statisch, Werte: [-0.3657668], [-0.8210313], [-0.99462235], [-0.9829193], [-0.6955171], [-0.92261887], [-0.24443962]
Wörter: adoop, Vorhersage: variabel, Werte: [0.51443255], [0.72643816], [0.7482501]
Wörter: /mapred/system/, Vorhersage: statisch, Werte: [-0.79496944], [-0.20118093], [-0.40960184], [-0.47789824], [-0.50605536], [-0.9426735], [-0.752335], [-0.6899652]
Wörter: ob_999999999999_9999/ob.ar. blk_9999999999999999999, Vorhersage: variabel, Werte: [0.9885865], [0.9998476], [1.], [1.], [1.], [1.], [1.], [1.], [0.9999994], [1.], [1.], [0.9999997], [1.], [0.9999993], [0.99990374], [0.9998029], [0.99997264], [1.], [1.], [1.], [0.9999976]

Log: 99.999.99.999:99999 Starting thread to transfer block blk_-9999999999999999999 to 99.999.999.999:99999, 99.999.99.999:99999
[ 41   7  50   7  41   7  50  10 291   2 451   2 137 174 340   2  35  31
   2  35  33  59  34  23  43   2 394   2  19  28  27  17   6  58  58  50
   2  35  31   2  41   7  50   7  50   7  50  10 291   2  41   7  50   7
  41   7  50  10 291   0   0   0   0   0   0   0   0   0   0   0   0   0
   0   0   0   0   0   0   0   0   0   0   0   0   0]
Wörter: 99.999.99.999:99999 , Vorhersage: variabel, Werte: [1.], [1.], [1.], [1.], [1.], [1.], [1.], [0.99995756], [0.99961174], [0.99889]
Wörter: starting thread, Vorhersage: statisch, Werte: [-0.719818], [-0.86249477], [-0.94502777], [-0.8649049], [-0.12253711]
Wörter:  to tr, Vorhersage: variabel, Werte: [0.15006231], [0.6882327], [0.930692], [0.873614], [0.6704243], [0.12453149]
Wörter: ansfer block b, Vorhersage: statisch, Werte: [-0.9800641], [-0.95091796], [-0.9908033], [-0.98097235], [-0.99311984], [-0.9821171], [-0.98371446], [-0.20089227]
Wörter: lk_-9999999999999999999 to 99.999.999.999:99999 99.999.99.999:99999, Vorhersage: variabel, Werte: [0.9739821], [0.99970615], [1.], [1.], [1.], [1.], [0.99999934], [0.9999213], [0.9830329], [0.99793065], [0.999983], [1.], [1.], [1.], [1.], [1.], [1.], [1.], [0.9999922], [0.9999966], [1.], [1.], [1.], [1.], [1.], [1.], [1.], [1.], [0.99999607], [0.99923956]

Log: rs.sinajs.cn:99 open through proxy proxy.cse.cuhk.edu.hk:9999 HTTPS
[ 33  34   7  34  47 166   7  20  30  10  41   2  31  32  54   2 137 303
  36  24  25   2 406  39  40   2 406  39  40   7  20  34  22   7 250  25
  27   7  71  36   7  25  27  10  42   2  25  35  35  32  34   0   0   0
   0   0   0   0   0   0   0   0   0   0   0   0   0   0   0   0   0   0
   0   0   0   0   0   0   0   0   0   0   0   0   0]
Wörter: rs.sinas.cn:99 open , Vorhersage: variabel, Werte: [0.9795665], [0.9906077], [0.9998919], [0.99703735], [0.447107], [0.9472604], [0.9997748], [0.9999341], [0.9999314], [0.99940246], [0.999997], [0.9999328], [0.97012836], [0.90731514], [0.91556454], [0.7351171]
Wörter: thro, Vorhersage: statisch, Werte: [-0.6675765], [-0.60311747]
Wörter: ugh proxy proxy.cse.cuhk.edu.hk:9999 https, Vorhersage: variabel, Werte: [0.12389487], [0.6757785], [0.8786649], [0.8175338], [0.54599494], [0.99905825], [0.99881506], [0.9992228], [0.9924608], [0.9999814], [0.9999795], [0.99999946], [0.99999905], [0.9999907], [0.99999744], [0.99999917], [0.999968], [0.9999261], [0.9999596], [1.], [0.99999344], [0.9999867], [0.9999989], [0.99989635], [0.9994301], [0.99947083], [1.], [0.9999994], [0.99799466], [0.99847335], [0.9991695], [0.99675065], [0.7061563]

Log: pic9.zhimg.com:999 close, 9999 bytes (9.99 KB) sent, 9999 bytes (9.99 KB) received, lifetime 99:99
[ 32 342   9   7  25  26  29  24   7  73  10  50   2 432  34  22   2  42
   2 150  56  34   2   3   9   7  41   2  27  19   4   2  34  55   2  42
   2 150  56  34   2   3   9   7  41   2  27  19   4   2 174 290  26  37
  71   2  28  26  23  72  26  29  22   2  41  10  41   0   0   0   0   0
   0   0   0   0   0   0   0   0   0   0   0   0   0]
Wörter: pic9.himg.com:999 close 9999 , Vorhersage: variabel, Werte: [0.9780932], [0.9974438], [0.9999964], [0.9999993], [0.99977094], [0.9956088], [0.99718153], [0.9986906], [0.9999825], [0.9995376], [0.9980926], [0.9999716], [0.99960893], [0.84756976], [0.6373332], [0.9917656], [0.8457391], [0.99999833], [0.9929655]
Wörter: bytes , Vorhersage: statisch, Werte: [-0.9999944], [-0.9999831], [-0.99985975], [-0.99898666]
Wörter: (9.99 kb) , Vorhersage: variabel, Werte: [0.99416375], [1.], [1.], [1.], [0.9999988], [0.99021786], [0.9887866], [0.86031693], [0.46184164]
Wörter: sent , Vorhersage: statisch, Werte: [-0.8865582], [-0.8024362], [-0.6237618]
Wörter: 9999 , Vorhersage: variabel, Werte: [0.99999684], [0.9965317]
Wörter: bytes , Vorhersage: statisch, Werte: [-0.9999927], [-0.9999769], [-0.99979925], [-0.99861264]
Wörter: (9.99 kb) , Vorhersage: variabel, Werte: [0.99694246], [1.], [1.], [1.], [0.99999917], [0.9934939], [0.99393547], [0.9633861], [0.91983634]
Wörter: re, Vorhersage: statisch, Werte: [-0.16056174]
Wörter: ceived l, Vorhersage: variabel, Werte: [0.10166565], [0.08972833], [0.6083408], [0.7426852], [0.7582108], [0.26465768]
Wörter: ifet, Vorhersage: statisch, Werte: [-0.0515136], [-0.7561208], [-0.3095206]
Wörter: ime 99:99, Vorhersage: variabel, Werte: [0.35874033], [0.9599157], [0.99930114], [0.9983174], [0.9999965], [0.9998232], [0.99995404]

Log: ping9.teamviewer.com:999 (IPv9) error : Could not connect through proxy proxy.cse.cuhk.edu.hk:9999 - Proxy server cannot establish a connection with the target, status code 999
[ 50   2   3 333  37   9   4   2  81   2  10   2 431  36 258   2 205   2
 140  35   2 137 303  36  24  25   2 406  39  40   2 406  39  40   7  20
  34  22   7 250  25  27   7  71  36   7  25  27  10  42   2   6   2 406
  39  40   2 305   2 395   2  22  74  19  28  86  25   2  18   2 188   2
  76 137   2 144   2 196 195   2 214   2 456   2  50]
Wörter: ping9.teamview, Vorhersage: variabel, Werte: [0.9971951], [0.98940426], [0.98456657], [0.9855734], [0.9912876], [0.9999821], [0.9994921], [0.9944237], [0.67965907], [0.6291725]
Wörter: er.com:, Vorhersage: statisch, Werte: [-0.86637807], [-0.93943125], [-0.94994605], [-0.78516066]
Wörter: 999, Vorhersage: variabel, Werte: [0.02075676]
Wörter:  (ipv9) error , Vorhersage: statisch, Werte: [-0.6147282], [-0.999903], [-0.9999543], [-0.9994144], [-0.96015424], [-0.9470263], [-0.9532902], [-0.88267285], [-0.44373626]
Wörter: : co, Vorhersage: variabel, Werte: [0.2897234], [0.704735], [0.48788705]
Wörter: u, Vorhersage: statisch, Werte: [-0.03414954]
Wörter: ld not connect through proxy proxy.cse.cuhk., Vorhersage: variabel, Werte: [0.9982542], [0.9978415], [0.99844646], [0.9826164], [0.99995047], [0.99993837], [0.9999981], [0.99999654], [0.99996114], [0.9999883], [0.99999624], [0.9998773], [0.9997067], [0.9997871], [0.99999774], [0.99989396], [0.99950767], [0.9999282], [0.9917232], [0.9474047], [0.94228244], [1.], [0.9999966], [0.9999997], [0.99997765], [0.98201734], [0.99932826], [0.99095196], [0.5568405]
Wörter: edu.h, Vorhersage: statisch, Werte: [-0.9947305], [-0.99882877], [-0.9974089], [-0.9812334]
Wörter: k:9999 , Vorhersage: variabel, Werte: [0.5173975], [0.44418642], [0.903535], [0.4429622]
Wörter: - proxy server cannot establis, Vorhersage: statisch, Werte: [-0.999945], [-0.99968773], [-0.99994355], [-0.99983746], [-0.9999594], [-0.99999887], [-0.99999905], [-0.999993], [-0.99990916], [-0.99993837], [-0.9999933], [-0.9999919], [-0.9998331], [-0.9967878], [-0.9910762]
Wörter: h , Vorhersage: variabel, Werte: [0.98137647], [0.92706394]
Wörter: a , Vorhersage: statisch, Werte: [-0.9511107], [-0.9580723]
Wörter: connection, Vorhersage: variabel, Werte: [0.99362683]

Log: Component State Change: Component \999alt9\999 is in the unavailable state (HWID=9999)
[102   2  85   2 120  10   2 102   2  15  50 204   9  15  50   2  86   2
  47   2 144   2 121   2  85   2   3 142  12  42   4   0   0   0   0   0
   0   0   0   0   0   0   0   0   0   0   0   0   0   0   0   0   0   0
   0   0   0   0   0   0   0   0   0   0   0   0   0   0   0   0   0   0
   0   0   0   0   0   0   0   0   0   0   0   0   0]
Wörter: component state change: component , Vorhersage: statisch, Werte: [-0.99347776], [-0.9978573], [-0.99953187], [-0.99988544], [-0.99988836], [-0.99994105], [-0.99996495], [-0.9999806], [-0.9998712]
Wörter: \999alt9\999 , Vorhersage: variabel, Werte: [0.9802474], [0.99999654], [0.999722], [0.99999934], [1.], [1.], [0.99998254]
Wörter: is in the unavailable state , Vorhersage: statisch, Werte: [-0.9998246], [-0.99996305], [-0.9999995], [-0.99999964], [-1.], [-1.], [-0.99999833], [-0.9999982], [-0.99997807], [-0.99985176]
Wörter: (hwid=9999), Vorhersage: variabel, Werte: [0.97044396], [0.99999976], [1.], [1.], [0.99976563]

Log: unix.hw state_change.unavailable 9999999999 9 Component State Change: Component \999alt9\999 is in the unavailable state (HWID=9999)
[192   7 200   2  85  17 120   7 121   2  64   2   9   2 102   2  85   2
 120  10   2 102   2  15  50 204   9  15  50   2  86   2  47   2 144   2
 121   2  85   2   3 142  12  42   4   0   0   0   0   0   0   0   0   0
   0   0   0   0   0   0   0   0   0   0   0   0   0   0   0   0   0   0
   0   0   0   0   0   0   0   0   0   0   0   0   0]
Wörter: unix.hw state_change.unavailable 9999999999 9 , Vorhersage: variabel, Werte: [0.9998344], [0.99999565], [0.9999944], [0.99997264], [0.99199575], [1.], [0.99999595], [1.], [0.9999916], [0.9999931], [0.99999976], [0.9999977], [0.9999975], [0.9998214]
Wörter: component state change: component , Vorhersage: statisch, Werte: [-0.9807246], [-0.99632084], [-0.9993485], [-0.9998309], [-0.99984723], [-0.9999235], [-0.9999549], [-0.99997646], [-0.99984664]
Wörter: \999alt9\999 , Vorhersage: variabel, Werte: [0.98171216], [0.99999654], [0.99971956], [0.9999994], [1.], [1.], [0.9999824]
Wörter: is in the unavailable state , Vorhersage: statisch, Werte: [-0.99982214], [-0.9999627], [-0.9999995], [-0.99999964], [-1.], [-1.], [-0.99999833], [-0.9999981], [-0.99997807], [-0.9998515]
Wörter: (hwid=9999), Vorhersage: variabel, Werte: [0.9704571], [0.99999976], [1.], [1.], [0.9997658]

Log: node-999 node status 9999999999 9 configured out
[ 46   6  50   2  46   2 214   2  64   2   9   2 257   2 249   0   0   0
   0   0   0   0   0   0   0   0   0   0   0   0   0   0   0   0   0   0
   0   0   0   0   0   0   0   0   0   0   0   0   0   0   0   0   0   0
   0   0   0   0   0   0   0   0   0   0   0   0   0   0   0   0   0   0
   0   0   0   0   0   0   0   0   0   0   0   0   0]
Wörter: node-999 node status 9999999999 9 , Vorhersage: variabel, Werte: [0.99892056], [0.9999997], [1.], [0.9999703], [0.9999765], [0.99999404], [0.9999986], [0.9999988], [1.], [0.9999995], [0.99999875], [0.9998844]
Wörter: configured out, Vorhersage: statisch, Werte: [-0.99185205], [-0.99694043], [-0.99815196]

Log: My election bind port: 9.9.9.9/9.9.9.9:9999
[ 29  40   2  22  52  20 147   2  19  47  21   2  32  57  35  10   2   9
   7   9   7   9   7   9   8   9   7   9   7   9   7   9  10  42   0   0
   0   0   0   0   0   0   0   0   0   0   0   0   0   0   0   0   0   0
   0   0   0   0   0   0   0   0   0   0   0   0   0   0   0   0   0   0
   0   0   0   0   0   0   0   0   0   0   0   0   0]
Wörter: my election b, Vorhersage: variabel, Werte: [0.30636775], [0.6736941], [0.5157327], [0.9025124], [0.52086556], [0.9986255], [0.9995973], [0.9996089], [0.99462503]
Wörter: in, Vorhersage: statisch, Werte: [-0.9458833]
Wörter: d p, Vorhersage: variabel, Werte: [0.9960522], [0.9676411], [0.31501493]
Wörter: or, Vorhersage: statisch, Werte: [-0.05557303]
Wörter: t: 9.9.9.9/9.9.9.9:9999, Vorhersage: variabel, Werte: [0.9204502], [0.98418105], [0.9997917], [1.], [1.], [1.], [1.], [1.], [1.], [1.], [1.], [1.], [1.], [1.], [1.], [1.], [1.], [1.], [0.9999993], [1.]

Log: Closed socket connection for client /99.99.99.99:99999 which had sessionid 9x99f9a99999b999e
[432  34  71   2  34  31 384  72   2 188   2 309   2  20  28  26  55   2
   8  41   7  41   7  41   7  41  10 291   2  38  25  26  79   2  25 340
   2  34  22  34 111  51  26  21   2   9  39  41  23   9  18 291  19  50
  22   0   0   0   0   0   0   0   0   0   0   0   0   0   0   0   0   0
   0   0   0   0   0   0   0   0   0   0   0   0   0]
Wörter: clo, Vorhersage: statisch, Werte: [-0.05122378]
Wörter: sed , Vorhersage: variabel, Werte: [0.10750732], [0.3196444], [0.4278445]
Wörter: socket connection for client /, Vorhersage: statisch, Werte: [-0.6628427], [-0.28463152], [-0.47349912], [-0.7175972], [-0.9621558], [-0.999959], [-0.9999868], [-0.99998593], [-0.99999464], [-0.99719447], [-0.99054563], [-0.99233997], [-0.9888625], [-0.9791819], [-0.70956314]
Wörter: 99.99.99.99:99999 which had sessionid 9x99f9a99999b999e, Vorhersage: variabel, Werte: [0.99999905], [1.], [1.], [1.], [1.], [1.], [1.], [0.99999106], [0.99991846], [0.99981546], [0.9696875], [0.8729308], [0.6963988], [0.8462041], [0.8020854], [0.05473855], [0.6210449], [0.69559795], [0.5329909], [0.991948], [0.9728739], [0.9897296], [0.99798644], [0.99833506], [0.99999183], [0.99999535], [1.], [1.], [1.], [0.99999964], [1.], [0.99999875], [0.99999946], [0.9999995], [1.], [0.9999779]

Log: caught end of stream exception
[ 20  18  36  24  25  35   2  54  21   2 278   2  48 174 167   2 128 290
  32 147   0   0   0   0   0   0   0   0   0   0   0   0   0   0   0   0
   0   0   0   0   0   0   0   0   0   0   0   0   0   0   0   0   0   0
   0   0   0   0   0   0   0   0   0   0   0   0   0   0   0   0   0   0
   0   0   0   0   0   0   0   0   0   0   0   0   0]
Wörter: caught end , Vorhersage: variabel, Werte: [0.98313814], [0.9861669], [0.9861554], [0.98985976], [0.9920697], [0.9976891], [0.99802], [0.92566603], [0.9976127], [0.9757529]
Wörter: of stream, Vorhersage: statisch, Werte: [-0.8882462], [-0.87180823], [-0.93166727], [-0.6748771], [-0.03207387]
Wörter:  excep, Vorhersage: variabel, Werte: [0.2978064], [0.09158595], [0.79172844], [0.8297783]
Wörter: tion, Vorhersage: statisch, Werte: [-0.15765753]
Model: "sequential"
┏━━━━━━━━━━━━━━━━━━━━━━━━━━━━━━━━━━━━━━┳━━━━━━━━━━━━━━━━━━━━━━━━━━━━━┳━━━━━━━━━━━━━━━━━┓
┃ Layer (type)                         ┃ Output Shape                ┃         Param # ┃
┡━━━━━━━━━━━━━━━━━━━━━━━━━━━━━━━━━━━━━━╇━━━━━━━━━━━━━━━━━━━━━━━━━━━━━╇━━━━━━━━━━━━━━━━━┩
│ embedding (Embedding)                │ (None, 85, 64)              │          30,912 │
├──────────────────────────────────────┼─────────────────────────────┼─────────────────┤
│ bidirectional (Bidirectional)        │ (None, 85, 256)             │         148,992 │
├──────────────────────────────────────┼─────────────────────────────┼─────────────────┤
│ time_distributed (TimeDistributed)   │ (None, 85, 128)             │          32,896 │
├──────────────────────────────────────┼─────────────────────────────┼─────────────────┤
│ dropout (Dropout)                    │ (None, 85, 128)             │               0 │
├──────────────────────────────────────┼─────────────────────────────┼─────────────────┤
│ time_distributed_1 (TimeDistributed) │ (None, 85, 1)               │             129 │
└──────────────────────────────────────┴─────────────────────────────┴─────────────────┘
 Total params: 638,789 (2.44 MB)
 Trainable params: 212,929 (831.75 KB)
 Non-trainable params: 0 (0.00 B)
 Optimizer params: 425,860 (1.62 MB)

Training auf folgende Datei: Datensätze/Vorbereitete Daten - Beispiel/hpc_v1/2k/HPC_2k_evaluate_content.txt
Total Trainings-Loss: [0.12107089906930923, 0.02007182128727436, 0.012828009203076363, 0.011021382175385952, 0.0093833701685071, 0.00754300644621253, 0.005346279591321945, 0.0044981795363128185, 0.003862770041450858, 0.0037033564876765013]
Total Trainings-Accuracy: [0.8139135241508484, 0.8808643817901611, 0.8836074471473694, 0.8839795589447021, 0.8847178816795349, 0.8856242299079895, 0.8863866329193115, 0.8868308067321777, 0.886908769607544, 0.8869988322257996]
Total Validierungs-Loss: [0.025660455226898193, 0.011306692846119404, 0.008276971988379955, 0.006972880568355322, 0.004157986957579851, 0.002898111008107662, 0.009717405773699284, 0.0005515360971912742, 0.0051299333572387695, 0.001781016238965094]
Total Validierungs-Accuracy: [0.8920588493347168, 0.8958823084831238, 0.8979412317276001, 0.8970588445663452, 0.899117648601532, 0.8994117975234985, 0.9005882143974304, 0.9005882143974304, 0.9005882143974304, 0.9005882143974304]
