Loss: 0.00011859082587761804, Accuracy: 0.904493510723114

Log: 9 ddr errors(s) detected and corrected on rank 9, symbol 9, bit 9
[  11    2  846   39    2 1022    4   40    5    2  420    2  282    2
 1625   71  390    2   57    2  125   32    2   11    7    2  600   34
  301   33    2   11    7    2   23  458    2   11    0    0    0    0
    0    0    0    0    0    0    0    0    0    0    0    0    0    0
    0    0    0    0    0    0    0    0    0    0    0    0    0    0
    0    0    0    0    0    0    0    0    0    0    0    0    0    0
    0    0    0    0    0    0    0    0    0    0    0    0    0    0
    0    0    0    0    0    0    0    0    0    0    0    0    0    0]
Wörter: 9 ddr , Vorhersage: variabel, Werte: [0.9999876], [0.9999198], [0.9887355], [0.98692226], [0.9628405]
Wörter: errors(s) detected and corrected on rank, Vorhersage: statisch, Werte: [-0.98216057], [-0.3808606], [-0.98226374], [-0.99774486], [-0.9981943], [-0.9998697], [-0.99993205], [-0.99730116], [-0.99844426], [-0.97554094], [-0.9361497], [-0.96064156], [-0.98226845], [-0.99915206], [-0.9996543], [-0.9915038], [-0.5643288]
Wörter:  9, symbol 9, bit 9, Vorhersage: variabel, Werte: [0.55440724], [0.99999774], [0.9982673], [0.99973994], [0.98842555], [0.991439], [0.98159313], [0.987219], [0.9972679], [1.], [0.9997424], [0.9999782], [0.9999837], [0.99962646], [0.99989927], [1.]

Log: instruction cache parity error corrected
[  75   64 1707   24  117    2  500 1475    2  389  458   46    2  240
    2 1625   71  390    0    0    0    0    0    0    0    0    0    0
    0    0    0    0    0    0    0    0    0    0    0    0    0    0
    0    0    0    0    0    0    0    0    0    0    0    0    0    0
    0    0    0    0    0    0    0    0    0    0    0    0    0    0
    0    0    0    0    0    0    0    0    0    0    0    0    0    0
    0    0    0    0    0    0    0    0    0    0    0    0    0    0
    0    0    0    0    0    0    0    0    0    0    0    0    0    0]
Wörter: instruc, Vorhersage: statisch, Werte: [-0.9997616], [-0.9972461], [-0.9912242], [-0.58792734]
Wörter: tion cache par, Vorhersage: variabel, Werte: [0.38049728], [0.4915255], [0.301246], [0.3398956], [0.5777338], [0.16810526]
Wörter: ity, Vorhersage: statisch, Werte: [-0.7612652], [-0.50470495]
Wörter:  , Vorhersage: variabel, Werte: [0.06299897]
Wörter: error cor, Vorhersage: statisch, Werte: [-0.9907267], [-0.9974853], [-0.73280334]
Wörter: rected, Vorhersage: variabel, Werte: [0.4360325], [0.28947762]

Log: total of 99 ddr error(s) detected and corrected
[  61   41  252    2  130    2   48    2  846   39    2  240    4   40
    5    2  420    2  282    2 1625   71  390    0    0    0    0    0
    0    0    0    0    0    0    0    0    0    0    0    0    0    0
    0    0    0    0    0    0    0    0    0    0    0    0    0    0
    0    0    0    0    0    0    0    0    0    0    0    0    0    0
    0    0    0    0    0    0    0    0    0    0    0    0    0    0
    0    0    0    0    0    0    0    0    0    0    0    0    0    0
    0    0    0    0    0    0    0    0    0    0    0    0    0    0]
Wörter: total of , Vorhersage: statisch, Werte: [-0.96434534], [-0.987614], [-0.99460167], [-0.9980322], [-0.99988097], [-0.9999016]
Wörter: 99 ddr , Vorhersage: variabel, Werte: [0.99996495], [0.9999588], [0.99130094], [0.99652934], [0.99187213]
Wörter: error(s) detected and , Vorhersage: statisch, Werte: [-0.99551743], [-0.6193204], [-0.97503656], [-0.99417377], [-0.99363154], [-0.9996058], [-0.99984175], [-0.9824231], [-0.9579365]
Wörter: corrected, Vorhersage: variabel, Werte: [0.62943846], [0.9413542], [0.75311625]

Log: 99.999.9.9:99999 Served block blk_-99999999999999999 to /99.999.9.9
[ 48   9  50   9  11   9  11  12  54   2 131   2  60   2  66  21   8 200
   2  61   2  10  48   9  50   9  11   9  11   0   0   0   0   0   0   0
   0   0   0   0   0   0   0   0   0   0   0   0   0   0   0   0   0   0
   0   0   0   0   0   0   0   0   0   0   0   0   0   0   0   0   0   0
   0   0   0   0   0   0   0   0   0   0   0   0   0   0   0   0   0   0
   0   0   0   0   0   0   0   0   0   0   0   0   0   0   0   0   0   0
   0   0   0   0]
Wörter: 99.999.9.9:99999 , Vorhersage: variabel, Werte: [1.], [1.], [1.], [1.], [1.], [1.], [1.], [1.], [1.], [0.9999517]
Wörter: served block , Vorhersage: statisch, Werte: [-1.], [-1.], [-1.], [-1.]
Wörter: blk_-99999999999999999 , Vorhersage: variabel, Werte: [0.99985564], [1.], [1.], [1.], [0.9999945]
Wörter: to , Vorhersage: statisch, Werte: [-0.9967953], [-0.9990131]
Wörter: /99.999.9.9, Vorhersage: variabel, Werte: [0.9999668], [1.], [1.], [1.], [1.], [1.], [1.], [1.]

Log: BLOCK* NameSystem.allocateBlock: /mnt/hadoop/mapred/system/job_999999999999_9999/job.jar. blk_9999999999999999999
[ 60   6   2 164   9 340  12   2  10 468  10 471  10 806  10 811  10 430
  21 328  21  49  10 430   9 769   9   2  66  21  98   0   0   0   0   0
   0   0   0   0   0   0   0   0   0   0   0   0   0   0   0   0   0   0
   0   0   0   0   0   0   0   0   0   0   0   0   0   0   0   0   0   0
   0   0   0   0   0   0   0   0   0   0   0   0   0   0   0   0   0   0
   0   0   0   0   0   0   0   0   0   0   0   0   0   0   0   0   0   0
   0   0   0   0]
Wörter: block* namesystem.allocateblock: , Vorhersage: statisch, Werte: [-0.9958647], [-1.], [-1.], [-1.], [-1.], [-1.], [-0.99998784], [-0.99990433]
Wörter: /mnt/hadoop/mapred/system/job_999999999999_9999/job.jar. blk_9999999999999999999, Vorhersage: variabel, Werte: [0.9988431], [0.9999605], [0.9999997], [0.9999985], [0.99999964], [0.9999938], [0.99999964], [0.9999964], [1.], [1.], [1.], [1.], [1.], [1.], [1.], [1.], [1.], [0.99999404], [0.9999916], [0.9999904], [1.], [1.], [1.]

Log: 99.999.99.999:99999 Starting thread to transfer block blk_-9999999999999999999 to 99.999.999.999:99999, 99.999.99.999:99999
[ 48   9  50   9  48   9  50  12  54   2 201   2 205   2  61   2 207   2
  60   2  66  21   8  98   2  61   2  48   9  50   9  50   9  50  12  54
   7   2  48   9  50   9  48   9  50  12  54   0   0   0   0   0   0   0
   0   0   0   0   0   0   0   0   0   0   0   0   0   0   0   0   0   0
   0   0   0   0   0   0   0   0   0   0   0   0   0   0   0   0   0   0
   0   0   0   0   0   0   0   0   0   0   0   0   0   0   0   0   0   0
   0   0   0   0]
Wörter: 99.999.99.999:99999 , Vorhersage: variabel, Werte: [1.], [1.], [1.], [1.], [1.], [1.], [1.], [1.], [1.], [0.99995023]
Wörter: starting thread to transfer block , Vorhersage: statisch, Werte: [-0.99999964], [-1.], [-1.], [-1.], [-1.], [-1.], [-1.], [-1.], [-1.], [-1.]
Wörter: blk_-9999999999999999999 , Vorhersage: variabel, Werte: [0.99998], [1.], [1.], [1.], [0.9999725]
Wörter: to , Vorhersage: statisch, Werte: [-0.99947375], [-0.9996058]
Wörter: 99.999.999.999:99999, 99.999.99.999:99999, Vorhersage: variabel, Werte: [1.], [1.], [1.], [1.], [1.], [1.], [1.], [1.], [1.], [0.99993175], [0.99999636], [1.], [1.], [1.], [1.], [1.], [1.], [1.], [1.], [1.]

Log: rs.sinajs.cn:99 open through proxy proxy.cse.cuhk.edu.hk:9999 HTTPS
[  39   40    9 1035    9  378   12   48    2  157    2  153    2   89
    2   89    9  132    9  133    9  128    9   85   12   49    2  161
    0    0    0    0    0    0    0    0    0    0    0    0    0    0
    0    0    0    0    0    0    0    0    0    0    0    0    0    0
    0    0    0    0    0    0    0    0    0    0    0    0    0    0
    0    0    0    0    0    0    0    0    0    0    0    0    0    0
    0    0    0    0    0    0    0    0    0    0    0    0    0    0
    0    0    0    0    0    0    0    0    0    0    0    0    0    0]
Wörter: rs.sinajs.cn:99 , Vorhersage: variabel, Werte: [0.9993222], [0.9992891], [0.99949473], [0.997093], [0.99901223], [0.9992755], [0.999718], [1.], [0.999976]
Wörter: open through proxy , Vorhersage: statisch, Werte: [-0.9999463], [-0.9999966], [-1.], [-1.], [-0.9999338], [-0.998725]
Wörter: proxy.cse.cuhk.edu.hk:9999 , Vorhersage: variabel, Werte: [0.99989843], [1.], [1.], [1.], [0.9999963], [0.9999729], [0.999842], [0.9999345], [1.], [0.99998635], [1.], [0.9999971]
Wörter: https, Vorhersage: statisch, Werte: [-0.99997854]

Log: pic9.zhimg.com:999 close, 9999 bytes (9.99 KB) sent, 9999 bytes (9.99 KB) received, lifetime 99:99
[ 851   11    9 1314    9   84   12   50    2  165    7    2   49    2
  107    2    4   11    9   48    2  111    5    2  166    7    2   49
    2  107    2    4   11    9   48    2  111    5    2  114    7    2
  168    2   48   12   48    0    0    0    0    0    0    0    0    0
    0    0    0    0    0    0    0    0    0    0    0    0    0    0
    0    0    0    0    0    0    0    0    0    0    0    0    0    0
    0    0    0    0    0    0    0    0    0    0    0    0    0    0
    0    0    0    0    0    0    0    0    0    0    0    0    0    0]
Wörter: pic9.zhimg.com:999 , Vorhersage: variabel, Werte: [0.9997652], [1.], [1.], [0.99999803], [0.9999826], [0.9998964], [0.99983215], [1.], [0.99992126]
Wörter: close, , Vorhersage: statisch, Werte: [-0.9999927], [-0.9996946], [-0.99917305]
Wörter: 9999 , Vorhersage: variabel, Werte: [0.99988246], [0.99964947]
Wörter: bytes , Vorhersage: statisch, Werte: [-0.99703485], [-0.9958722]
Wörter: (9.99 kb) , Vorhersage: variabel, Werte: [0.9996279], [1.], [1.], [1.], [1.], [0.9999993], [0.99838346], [0.99841386]
Wörter: sent, , Vorhersage: statisch, Werte: [-0.9998923], [-0.99869573], [-0.99669486]
Wörter: 9999 , Vorhersage: variabel, Werte: [0.99997133], [0.999838]
Wörter: bytes , Vorhersage: statisch, Werte: [-0.9967656], [-0.9961775]
Wörter: (9.99 kb) , Vorhersage: variabel, Werte: [0.9995862], [1.], [1.], [1.], [1.], [1.], [0.9998339], [0.9998206]
Wörter: received, lifetime , Vorhersage: statisch, Werte: [-0.99872863], [-0.9926521], [-0.9943122], [-0.999389], [-0.9885462]
Wörter: 99:99, Vorhersage: variabel, Werte: [1.], [1.], [1.]

Log: ping9.teamviewer.com:999 (IPv9) error : Could not connect through proxy proxy.cse.cuhk.edu.hk:9999 - Proxy server cannot establish a connection with the target, status code 999
[1067   11    9  936    9   84   12   50    2    4 1301   11    5    2
  240    2   12    2  326    2  236    2  343    2  153    2   89    2
   89    9  132    9  133    9  128    9   85   12   49    2    8    2
   89    2  346    2  488    2  231    2   22    2  202    2  229    2
  255    2  520    7    2  361    2  437    2   50    0    0    0    0
    0    0    0    0    0    0    0    0    0    0    0    0    0    0
    0    0    0    0    0    0    0    0    0    0    0    0    0    0
    0    0    0    0    0    0    0    0    0    0    0    0    0    0]
Wörter: ping9.teamviewer.com:999 (ipv9) , Vorhersage: variabel, Werte: [0.9998441], [1.], [1.], [0.99999833], [0.9999899], [0.9999306], [0.9999297], [1.], [0.999997], [0.9996786], [0.9983031], [0.99999607], [0.9834258], [0.9929421]
Wörter: error : could not connect through proxy , Vorhersage: statisch, Werte: [-0.9921019], [-0.99904406], [-0.99903244], [-0.99983186], [-0.99007905], [-0.9911394], [-0.9997303], [-0.9999368], [-0.99998224], [-0.999997], [-1.], [-1.], [-0.99998784], [-0.9994519]
Wörter: proxy.cse.cuhk.edu.hk:9999 , Vorhersage: variabel, Werte: [0.9997687], [0.9999997], [1.], [1.], [0.99997467], [0.9997571], [0.99830824], [0.9984515], [0.9999944], [0.9995483], [1.], [0.9999223]
Wörter: - proxy server cannot establish a connection with the target, status code , Vorhersage: statisch, Werte: [-0.9999717], [-0.9999939], [-0.9994462], [-0.99956423], [-0.9999953], [-0.9999989], [-1.], [-1.], [-1.], [-1.], [-0.99998355], [-0.9999845], [-0.99974775], [-0.9998786], [-1.], [-1.], [-1.], [-1.], [-1.], [-1.], [-0.99999964], [-0.99905556], [-0.99902415], [-0.9999945], [-0.99998987]
Wörter: 999, Vorhersage: variabel, Werte: [0.9999788]

Log: Component State Change: Component \999alt9\999 is in the unavailable state (HWID=9999)
[209   2 180   2 239  12   2 209   2  19  50 423  11  19  50   2 100   2
  75   2 255   2 249   2 180   2   4 295  15  49   5   0   0   0   0   0
   0   0   0   0   0   0   0   0   0   0   0   0   0   0   0   0   0   0
   0   0   0   0   0   0   0   0   0   0   0   0   0   0   0   0   0   0
   0   0   0   0   0   0   0   0   0   0   0   0   0   0   0   0   0   0
   0   0   0   0   0   0   0   0   0   0   0   0   0   0   0   0   0   0
   0   0   0   0]
Wörter: component state change: component , Vorhersage: statisch, Werte: [-0.99875337], [-0.99942124], [-0.99908894], [-0.9995682], [-0.99971163], [-0.99956465], [-0.99966645], [-0.9998257], [-0.9961641]
Wörter: \999alt9\999 , Vorhersage: variabel, Werte: [0.99996954], [1.], [0.9999994], [1.], [1.], [1.], [0.9999991]
Wörter: is in the unavailable state , Vorhersage: statisch, Werte: [-0.9999989], [-1.], [-1.], [-1.], [-1.], [-1.], [-0.9999996], [-0.9999994], [-0.99987674], [-0.9991536]
Wörter: (hwid=9999), Vorhersage: variabel, Werte: [0.9989617], [1.], [1.], [1.], [0.99995965]

Log: unix.hw state_change.unavailable 9999999999 9 Component State Change: Component \999alt9\999 is in the unavailable state (HWID=9999)
[339   9 344   2 180  21 239   9 249   2 181   2  11   2 209   2 180   2
 239  12   2 209   2  19  50 423  11  19  50   2 100   2  75   2 255   2
 249   2 180   2   4 295  15  49   5   0   0   0   0   0   0   0   0   0
   0   0   0   0   0   0   0   0   0   0   0   0   0   0   0   0   0   0
   0   0   0   0   0   0   0   0   0   0   0   0   0   0   0   0   0   0
   0   0   0   0   0   0   0   0   0   0   0   0   0   0   0   0   0   0
   0   0   0   0]
Wörter: unix.hw state_change.unavailable 9999999999 9 , Vorhersage: variabel, Werte: [0.9991755], [0.9984919], [0.99928534], [0.9999263], [0.9987538], [1.], [0.99999774], [0.99999624], [0.9999336], [0.9999945], [0.99999946], [0.9999744], [0.9999966], [0.99922246]
Wörter: component state change: component , Vorhersage: statisch, Werte: [-0.9994803], [-0.9998513], [-0.9995813], [-0.9997339], [-0.9996316], [-0.9993457], [-0.9994405], [-0.99971], [-0.99351984]
Wörter: \999alt9\999 , Vorhersage: variabel, Werte: [0.9999735], [1.], [0.9999992], [1.], [1.], [1.], [0.9999991]
Wörter: is in the unavailable state , Vorhersage: statisch, Werte: [-0.9999988], [-1.], [-1.], [-1.], [-1.], [-1.], [-0.9999997], [-0.9999995], [-0.99987394], [-0.9991349]
Wörter: (hwid=9999), Vorhersage: variabel, Werte: [0.99897677], [1.], [1.], [1.], [0.9999595]

Log: node-999 node status 9999999999 9 configured out
[ 73   8  50   2  73   2 361   2 181   2  11   2 875   2 162   0   0   0
   0   0   0   0   0   0   0   0   0   0   0   0   0   0   0   0   0   0
   0   0   0   0   0   0   0   0   0   0   0   0   0   0   0   0   0   0
   0   0   0   0   0   0   0   0   0   0   0   0   0   0   0   0   0   0
   0   0   0   0   0   0   0   0   0   0   0   0   0   0   0   0   0   0
   0   0   0   0   0   0   0   0   0   0   0   0   0   0   0   0   0   0
   0   0   0   0]
Wörter: node-999 node status 9999999999 9 , Vorhersage: variabel, Werte: [0.9984542], [0.9995397], [1.], [0.9999801], [0.9999436], [0.9999843], [0.9998861], [0.9999408], [1.], [0.9999971], [1.], [0.9999944]
Wörter: configured out, Vorhersage: statisch, Werte: [-0.9978751], [-0.99958086], [-0.99967784]

Log: My election bind port: 9.9.9.9/9.9.9.9:9999
[ 771    2  760    2 1621    2 1701   12    2   11    9   11    9   11
    9   11   10   11    9   11    9   11    9   11   12   49    0    0
    0    0    0    0    0    0    0    0    0    0    0    0    0    0
    0    0    0    0    0    0    0    0    0    0    0    0    0    0
    0    0    0    0    0    0    0    0    0    0    0    0    0    0
    0    0    0    0    0    0    0    0    0    0    0    0    0    0
    0    0    0    0    0    0    0    0    0    0    0    0    0    0
    0    0    0    0    0    0    0    0    0    0    0    0    0    0]
Wörter: my election bind port: , Vorhersage: statisch, Werte: [-0.9962139], [-0.9976688], [-0.9999897], [-0.9999957], [-0.99999106], [-0.9999956], [-0.99996847], [-0.9996139], [-0.98629457]
Wörter: 9.9.9.9/9.9.9.9:9999, Vorhersage: variabel, Werte: [1.], [1.], [1.], [1.], [1.], [1.], [1.], [1.], [1.], [1.], [1.], [1.], [1.], [1.], [1.], [1.], [1.]

Log: Closed socket connection for client /99.99.99.99:99999 which had sessionid 9x99f9a99999b999e
[266   2 279   2 202   2 118   2 156   2  10  48   9  48   9  48   9  48
  12  54   2 283   2 235   2 175   2  11  45  48  27  11  22  54  23  50
  26   0   0   0   0   0   0   0   0   0   0   0   0   0   0   0   0   0
   0   0   0   0   0   0   0   0   0   0   0   0   0   0   0   0   0   0
   0   0   0   0   0   0   0   0   0   0   0   0   0   0   0   0   0   0
   0   0   0   0   0   0   0   0   0   0   0   0   0   0   0   0   0   0
   0   0   0   0]
Wörter: closed socket connection for client , Vorhersage: statisch, Werte: [-0.99985456], [-0.99996084], [-0.99999714], [-0.99999917], [-0.9999923], [-0.99999577], [-1.], [-1.], [-0.99999946], [-0.9999949]
Wörter: /99.99.99.99:99999 , Vorhersage: variabel, Werte: [0.9993514], [1.], [1.], [1.], [1.], [1.], [1.], [1.], [1.], [1.], [0.9999874]
Wörter: which had sessionid , Vorhersage: statisch, Werte: [-0.99999964], [-1.], [-1.], [-1.], [-0.99997497], [-0.9996801]
Wörter: 9x99f9a99999b999e, Vorhersage: variabel, Werte: [0.99999964], [1.], [1.], [1.], [1.], [1.], [1.], [1.], [1.], [1.]

Log: caught end of stream exception
[1848    2  720    2  130    2  762    2  325    0    0    0    0    0
    0    0    0    0    0    0    0    0    0    0    0    0    0    0
    0    0    0    0    0    0    0    0    0    0    0    0    0    0
    0    0    0    0    0    0    0    0    0    0    0    0    0    0
    0    0    0    0    0    0    0    0    0    0    0    0    0    0
    0    0    0    0    0    0    0    0    0    0    0    0    0    0
    0    0    0    0    0    0    0    0    0    0    0    0    0    0
    0    0    0    0    0    0    0    0    0    0    0    0    0    0]
Wörter: caught end of stream exception, Vorhersage: statisch, Werte: [-0.9694206], [-0.9949887], [-0.9999702], [-0.99999297], [-0.99999493], [-0.99999607], [-0.9242105], [-0.96042585], [-0.9989746]
Model: "sequential"
┏━━━━━━━━━━━━━━━━━━━━━━━━━━━━━━━━━━━━━━┳━━━━━━━━━━━━━━━━━━━━━━━━━━━━━┳━━━━━━━━━━━━━━━━━┓
┃ Layer (type)                         ┃ Output Shape                ┃         Param # ┃
┡━━━━━━━━━━━━━━━━━━━━━━━━━━━━━━━━━━━━━━╇━━━━━━━━━━━━━━━━━━━━━━━━━━━━━╇━━━━━━━━━━━━━━━━━┩
│ embedding (Embedding)                │ (None, 112, 64)             │         128,640 │
├──────────────────────────────────────┼─────────────────────────────┼─────────────────┤
│ bidirectional (Bidirectional)        │ (None, 112, 256)            │         148,992 │
├──────────────────────────────────────┼─────────────────────────────┼─────────────────┤
│ time_distributed (TimeDistributed)   │ (None, 112, 128)            │          32,896 │
├──────────────────────────────────────┼─────────────────────────────┼─────────────────┤
│ dropout (Dropout)                    │ (None, 112, 128)            │               0 │
├──────────────────────────────────────┼─────────────────────────────┼─────────────────┤
│ time_distributed_1 (TimeDistributed) │ (None, 112, 1)              │             129 │
└──────────────────────────────────────┴─────────────────────────────┴─────────────────┘
 Total params: 931,973 (3.56 MB)
 Trainable params: 310,657 (1.19 MB)
 Non-trainable params: 0 (0.00 B)
 Optimizer params: 621,316 (2.37 MB)

Training auf folgende Datei: Datensätze/Vorbereitete Daten - Beispiel/zookeeper_v1/2k/Zookeeper_2k_evaluate_content.txt
Total Trainings-Loss: [0.05774088203907013, 0.006782167591154575, 0.0029883068054914474, 0.0021406691521406174, 0.0018898958805948496, 0.0013455335283651948, 0.001170231611467898, 0.0009906991617754102, 0.0010562434326857328, 0.0009237148915417492]
Total Trainings-Accuracy: [0.8625277280807495, 0.8920183777809143, 0.8931936621665955, 0.8936071991920471, 0.8937623500823975, 0.8939005732536316, 0.8939409255981445, 0.8939907550811768, 0.8939769268035889, 0.8939981460571289]
Total Validierungs-Loss: [0.009922043420374393, 0.0034677861258387566, 0.0013003658968955278, 0.0011998715344816446, 0.0006105019710958004, 0.0002955096133518964, 0.00037337798858061433, 0.0009785317815840244, 0.00019322380830999464, 0.00011865578562719747]
Total Validierungs-Accuracy: [0.9012733697891235, 0.9031762480735779, 0.9037617444992065, 0.9035421013832092, 0.9041275978088379, 0.9040544033050537, 0.9043471813201904, 0.9039812684059143, 0.9042007327079773, 0.9044935703277588]
