Loss: 0.0008082636049948633, Accuracy: 0.9998528957366943

Log: 9 ddr errors(s) detected and corrected on rank 9, symbol 9, bit 9
[  17    2  513    2 1102    9   48   10    2  320    2  283    2  379
    2   87    2  644    2   17   13    2  633    2   17   13    2 1197
    2   17    0    0    0    0    0    0    0    0    0    0    0    0
    0    0    0    0    0    0    0    0    0    0    0    0    0    0
    0    0    0    0    0    0    0    0    0    0    0    0    0    0
    0    0    0    0    0    0    0    0    0    0    0    0    0    0
    0    0    0    0    0    0    0    0    0    0    0    0    0    0
    0    0    0    0    0    0    0    0    0    0    0    0    0    0
    0    0    0    0    0    0    0    0    0    0    0    0    0    0
    0    0    0    0    0    0    0    0    0    0    0    0    0    0
    0    0    0    0    0    0    0    0    0    0    0    0    0    0
    0    0    0    0    0    0    0    0    0    0    0    0    0    0
    0    0    0    0    0]
Wörter: 9 , Vorhersage: variabel, Werte: [0.99258316], [0.997886]
Wörter: ddr errors(s) detected and corrected on rank , Vorhersage: statisch, Werte: [1.479548e-08], [2.305351e-09], [2.5126118e-07], [2.8753273e-06], [2.9702173e-06], [2.7212645e-06], [2.7955838e-07], [2.0571747e-07], [3.6655923e-08], [9.019356e-08], [8.3402355e-08], [7.8324054e-05], [0.00015526], [3.381714e-05], [3.320479e-05], [7.447551e-05], [0.00010015]
Wörter: 9, , Vorhersage: variabel, Werte: [0.99998105], [0.9999809], [0.99992335]
Wörter: symbol , Vorhersage: statisch, Werte: [2.925231e-05], [2.2450462e-05]
Wörter: 9, bit 9, Vorhersage: variabel, Werte: [1.], [1.], [0.99999917], [0.9523752], [0.99850535], [0.9989165]

Log: instruction cache parity error corrected
[ 549    2 1705    2 1118    2  233    2  379    0    0    0    0    0
    0    0    0    0    0    0    0    0    0    0    0    0    0    0
    0    0    0    0    0    0    0    0    0    0    0    0    0    0
    0    0    0    0    0    0    0    0    0    0    0    0    0    0
    0    0    0    0    0    0    0    0    0    0    0    0    0    0
    0    0    0    0    0    0    0    0    0    0    0    0    0    0
    0    0    0    0    0    0    0    0    0    0    0    0    0    0
    0    0    0    0    0    0    0    0    0    0    0    0    0    0
    0    0    0    0    0    0    0    0    0    0    0    0    0    0
    0    0    0    0    0    0    0    0    0    0    0    0    0    0
    0    0    0    0    0    0    0    0    0    0    0    0    0    0
    0    0    0    0    0    0    0    0    0    0    0    0    0    0
    0    0    0    0    0]
Wörter: instruction cache parity error corrected, Vorhersage: statisch, Werte: [0.00133333], [0.00123222], [1.5922545e-06], [1.5310663e-07], [2.4344206e-06], [4.3066242e-07], [1.8540146e-05], [9.384486e-07], [2.7745988e-05]

Log: total of 99 ddr error(s) detected and corrected
[779   2 134   2  57   2 513   2 233   9  48  10   2 320   2 283   2 379
   0   0   0   0   0   0   0   0   0   0   0   0   0   0   0   0   0   0
   0   0   0   0   0   0   0   0   0   0   0   0   0   0   0   0   0   0
   0   0   0   0   0   0   0   0   0   0   0   0   0   0   0   0   0   0
   0   0   0   0   0   0   0   0   0   0   0   0   0   0   0   0   0   0
   0   0   0   0   0   0   0   0   0   0   0   0   0   0   0   0   0   0
   0   0   0   0   0   0   0   0   0   0   0   0   0   0   0   0   0   0
   0   0   0   0   0   0   0   0   0   0   0   0   0   0   0   0   0   0
   0   0   0   0   0   0   0   0   0   0   0   0   0   0   0   0   0   0
   0   0   0   0   0   0   0   0   0   0   0]
Wörter: total of , Vorhersage: statisch, Werte: [3.0078361e-05], [1.019896e-05], [0.00039331], [0.00085333]
Wörter: 99 , Vorhersage: variabel, Werte: [0.9999049], [0.9999769]
Wörter: ddr error(s) detected and corrected, Vorhersage: statisch, Werte: [2.5374894e-07], [8.386752e-08], [3.1239066e-05], [0.00082526], [0.00105539], [0.00119729], [0.00015461], [8.297994e-05], [1.1995272e-05], [2.1654589e-05], [5.13652e-06], [0.00151323]

Log: 99.999.9.9:99999 Served block blk_-99999999999999999 to /99.999.9.9
[ 57  15  61  15  17  15  17  18  67   2 262   2 131   2 143  28  14 334
   2  93   2  16  57  15  61  15  17  15  17   0   0   0   0   0   0   0
   0   0   0   0   0   0   0   0   0   0   0   0   0   0   0   0   0   0
   0   0   0   0   0   0   0   0   0   0   0   0   0   0   0   0   0   0
   0   0   0   0   0   0   0   0   0   0   0   0   0   0   0   0   0   0
   0   0   0   0   0   0   0   0   0   0   0   0   0   0   0   0   0   0
   0   0   0   0   0   0   0   0   0   0   0   0   0   0   0   0   0   0
   0   0   0   0   0   0   0   0   0   0   0   0   0   0   0   0   0   0
   0   0   0   0   0   0   0   0   0   0   0   0   0   0   0   0   0   0
   0   0   0   0   0   0   0   0   0   0   0]
Wörter: 99.999.9.9:99999 , Vorhersage: variabel, Werte: [1.], [1.], [1.], [1.], [1.], [1.], [1.], [1.], [0.9999999], [1.]
Wörter: served block , Vorhersage: statisch, Werte: [5.580866e-05], [4.8202837e-06], [4.9581064e-09], [6.5177677e-09]
Wörter: blk_-99999999999999999 , Vorhersage: variabel, Werte: [1.], [1.], [0.99999917], [0.99999917], [1.]
Wörter: to , Vorhersage: statisch, Werte: [2.8535496e-06], [7.977684e-06]
Wörter: /99.999.9.9, Vorhersage: variabel, Werte: [0.9999999], [1.], [1.], [1.], [1.], [1.], [1.], [0.9999994]

Log: BLOCK* NameSystem.allocateBlock: /mnt/hadoop/mapred/system/job_999999999999_9999/job.jar. blk_9999999999999999999
[ 131   11    2  296   15  537   18    2   16  774   16  784   16 1387
   16  220   16  663   28  532   28   58   16  663   15 1308   15    2
  143   28  213    0    0    0    0    0    0    0    0    0    0    0
    0    0    0    0    0    0    0    0    0    0    0    0    0    0
    0    0    0    0    0    0    0    0    0    0    0    0    0    0
    0    0    0    0    0    0    0    0    0    0    0    0    0    0
    0    0    0    0    0    0    0    0    0    0    0    0    0    0
    0    0    0    0    0    0    0    0    0    0    0    0    0    0
    0    0    0    0    0    0    0    0    0    0    0    0    0    0
    0    0    0    0    0    0    0    0    0    0    0    0    0    0
    0    0    0    0    0    0    0    0    0    0    0    0    0    0
    0    0    0    0    0    0    0    0    0    0    0    0    0    0
    0    0    0    0    0]
Wörter: block* namesystem.allocateblock: , Vorhersage: statisch, Werte: [5.633689e-06], [3.558003e-06], [1.290176e-05], [8.619959e-05], [4.7643738e-05], [7.8946437e-07], [3.9715546e-06], [2.5066453e-05]
Wörter: /mnt/hadoop/mapred/system/job_999999999999_9999/job.jar. blk_9999999999999999999, Vorhersage: variabel, Werte: [1.], [1.], [1.], [1.], [1.], [1.], [1.], [1.], [1.], [1.], [0.99999976], [1.], [0.9999999], [1.], [1.], [1.], [0.99999976], [0.99999857], [0.9999819], [0.999997], [0.9999999], [1.], [0.99999976]

Log: 99.999.99.999:99999 Starting thread to transfer block blk_-9999999999999999999 to 99.999.999.999:99999, 99.999.99.999:99999
[ 57  15  61  15  57  15  61  18  67   2 341   2 346   2  93   2 347   2
 131   2 143  28  14 213   2  93   2  57  15  61  15  61  15  61  18  67
  13   2  57  15  61  15  57  15  61  18  67   0   0   0   0   0   0   0
   0   0   0   0   0   0   0   0   0   0   0   0   0   0   0   0   0   0
   0   0   0   0   0   0   0   0   0   0   0   0   0   0   0   0   0   0
   0   0   0   0   0   0   0   0   0   0   0   0   0   0   0   0   0   0
   0   0   0   0   0   0   0   0   0   0   0   0   0   0   0   0   0   0
   0   0   0   0   0   0   0   0   0   0   0   0   0   0   0   0   0   0
   0   0   0   0   0   0   0   0   0   0   0   0   0   0   0   0   0   0
   0   0   0   0   0   0   0   0   0   0   0]
Wörter: 99.999.99.999:99999 , Vorhersage: variabel, Werte: [0.9999999], [1.], [1.], [1.], [1.], [1.], [1.], [0.9999995], [0.9999776], [0.9999902]
Wörter: starting thread to transfer block , Vorhersage: statisch, Werte: [5.9941736e-09], [9.403589e-10], [3.9632218e-09], [5.55343e-09], [8.336637e-09], [1.5192342e-09], [3.8958948e-13], [3.2212525e-13], [5.0199867e-13], [1.4615482e-10]
Wörter: blk_-9999999999999999999 , Vorhersage: variabel, Werte: [1.], [1.], [0.9999994], [0.99999964], [1.]
Wörter: to , Vorhersage: statisch, Werte: [2.5300064e-06], [8.252803e-06]
Wörter: 99.999.999.999:99999, 99.999.99.999:99999, Vorhersage: variabel, Werte: [1.], [1.], [1.], [1.], [1.], [1.], [1.], [1.], [1.], [1.], [1.], [1.], [1.], [1.], [1.], [1.], [1.], [1.], [1.], [0.99999833]

Log: rs.sinajs.cn:99 open through proxy proxy.cse.cuhk.edu.hk:9999 HTTPS
[3209   15 1737   15  624   18   57    2  285    2  282    2  201    2
  201   15  265   15  266   15  255   15  196   18   58    2  294    0
    0    0    0    0    0    0    0    0    0    0    0    0    0    0
    0    0    0    0    0    0    0    0    0    0    0    0    0    0
    0    0    0    0    0    0    0    0    0    0    0    0    0    0
    0    0    0    0    0    0    0    0    0    0    0    0    0    0
    0    0    0    0    0    0    0    0    0    0    0    0    0    0
    0    0    0    0    0    0    0    0    0    0    0    0    0    0
    0    0    0    0    0    0    0    0    0    0    0    0    0    0
    0    0    0    0    0    0    0    0    0    0    0    0    0    0
    0    0    0    0    0    0    0    0    0    0    0    0    0    0
    0    0    0    0    0    0    0    0    0    0    0    0    0    0
    0    0    0    0    0]
Wörter: rs.sinajs.cn:99 , Vorhersage: variabel, Werte: [0.9999125], [0.9999832], [0.99999523], [0.9999982], [0.99999547], [0.9999989], [0.99999964], [1.]
Wörter: open through proxy , Vorhersage: statisch, Werte: [4.8894167e-06], [1.0317904e-06], [1.29484e-10], [4.7212366e-11], [1.4992021e-07], [6.605047e-07]
Wörter: proxy.cse.cuhk.edu.hk:9999 , Vorhersage: variabel, Werte: [0.9999999], [1.], [1.], [1.], [1.], [1.], [1.], [1.], [1.], [1.], [0.99999964], [1.]
Wörter: https, Vorhersage: statisch, Werte: [6.3283944e-12]

Log: pic9.zhimg.com:999 close, 9999 bytes (9.99 KB) sent, 9999 bytes (9.99 KB) received, lifetime 99:99
[1793   17   15 2366   15  192   18   61    2  251   13    2   58    2
  225    2    9   17   15   57    2  228   10    2  302   13    2   58
    2  225    2    9   17   15   57    2  228   10    2  229   13    2
  305    2   57   18   57    0    0    0    0    0    0    0    0    0
    0    0    0    0    0    0    0    0    0    0    0    0    0    0
    0    0    0    0    0    0    0    0    0    0    0    0    0    0
    0    0    0    0    0    0    0    0    0    0    0    0    0    0
    0    0    0    0    0    0    0    0    0    0    0    0    0    0
    0    0    0    0    0    0    0    0    0    0    0    0    0    0
    0    0    0    0    0    0    0    0    0    0    0    0    0    0
    0    0    0    0    0    0    0    0    0    0    0    0    0    0
    0    0    0    0    0    0    0    0    0    0    0    0    0    0
    0    0    0    0    0]
Wörter: pic9.zhimg.com:999 , Vorhersage: variabel, Werte: [0.9999993], [1.], [1.], [1.], [1.], [1.], [1.], [0.9999999], [1.]
Wörter: close, , Vorhersage: statisch, Werte: [2.055304e-07], [6.560876e-08], [3.9903938e-08]
Wörter: 9999 , Vorhersage: variabel, Werte: [1.], [1.]
Wörter: bytes , Vorhersage: statisch, Werte: [4.4315232e-10], [1.0512394e-09]
Wörter: (9.99 kb) , Vorhersage: variabel, Werte: [1.], [1.], [1.], [1.], [1.], [0.9999981], [1.], [0.9999999]
Wörter: sent, , Vorhersage: statisch, Werte: [1.4781186e-07], [2.464841e-07], [2.0990587e-06]
Wörter: 9999 , Vorhersage: variabel, Werte: [1.], [1.]
Wörter: bytes , Vorhersage: statisch, Werte: [6.548093e-10], [1.128422e-09]
Wörter: (9.99 kb) , Vorhersage: variabel, Werte: [1.], [1.], [1.], [1.], [1.], [0.999995], [1.], [0.99999976]
Wörter: received, lifetime , Vorhersage: statisch, Werte: [1.2021187e-08], [2.6473863e-09], [6.476868e-10], [2.8509463e-08], [5.7736095e-08]
Wörter: 99:99, Vorhersage: variabel, Werte: [1.], [1.], [0.9999999]

Log: ping9.teamviewer.com:999 (IPv9) error : Could not connect through proxy proxy.cse.cuhk.edu.hk:9999 - Proxy server cannot establish a connection with the target, status code 999
[1572   17   15 1894   15  192   18   61    2    9 2609   17   10    2
  233    2   18    2  536    2  111    2  317    2  282    2  201    2
  201   15  265   15  266   15  255   15  196   18   58    2   14    2
  201    2  522    2  841    2  411    2   30    2  352    2  398    2
  138    2  800   13    2  477    2  520    2   61    0    0    0    0
    0    0    0    0    0    0    0    0    0    0    0    0    0    0
    0    0    0    0    0    0    0    0    0    0    0    0    0    0
    0    0    0    0    0    0    0    0    0    0    0    0    0    0
    0    0    0    0    0    0    0    0    0    0    0    0    0    0
    0    0    0    0    0    0    0    0    0    0    0    0    0    0
    0    0    0    0    0    0    0    0    0    0    0    0    0    0
    0    0    0    0    0    0    0    0    0    0    0    0    0    0
    0    0    0    0    0]
Wörter: ping9.teamviewer.com:999 (ipv9) , Vorhersage: variabel, Werte: [0.99999833], [1.], [1.], [1.], [1.], [1.], [1.], [0.99999976], [1.], [0.96500766], [0.9652663], [0.99868387], [0.99915695], [0.9993844]
Wörter: error : could not connect through proxy , Vorhersage: statisch, Werte: [4.8320708e-06], [2.7651279e-06], [9.473413e-06], [2.850226e-06], [2.617364e-07], [1.0928251e-07], [5.0933956e-08], [6.351843e-08], [2.7983318e-09], [7.904687e-10], [2.1050414e-15], [1.3555941e-14], [3.027796e-09], [3.8015425e-08]
Wörter: proxy.cse.cuhk.edu.hk:9999 , Vorhersage: variabel, Werte: [0.999997], [0.99999845], [1.], [1.], [1.], [1.], [1.], [1.], [1.], [0.99999964], [0.9999745], [0.9999993]
Wörter: - proxy server cannot establish a connection with the target, status code , Vorhersage: statisch, Werte: [8.303546e-10], [7.462381e-11], [1.14968216e-07], [5.372448e-08], [3.041118e-10], [5.8646116e-11], [9.789694e-11], [1.8448399e-11], [8.6768735e-12], [8.0040797e-13], [3.2108708e-11], [3.2780174e-11], [1.0081034e-06], [6.8305513e-07], [4.0597614e-09], [2.59737e-09], [3.4265756e-08], [1.1961173e-08], [8.088336e-06], [1.0092576e-06], [5.236402e-07], [4.1764197e-05], [5.9570757e-06], [2.8493187e-06], [4.287057e-07]
Wörter: 999, Vorhersage: variabel, Werte: [0.9990663]

Log: Component State Change: Component \999alt9\999 is in the unavailable state (HWID=9999)
[345   2 289   2 406  18   2 345   2  26  61 647  17  26  61   2 209   2
  66   2 138   2 407   2 289   2   9 463  21  58  10   0   0   0   0   0
   0   0   0   0   0   0   0   0   0   0   0   0   0   0   0   0   0   0
   0   0   0   0   0   0   0   0   0   0   0   0   0   0   0   0   0   0
   0   0   0   0   0   0   0   0   0   0   0   0   0   0   0   0   0   0
   0   0   0   0   0   0   0   0   0   0   0   0   0   0   0   0   0   0
   0   0   0   0   0   0   0   0   0   0   0   0   0   0   0   0   0   0
   0   0   0   0   0   0   0   0   0   0   0   0   0   0   0   0   0   0
   0   0   0   0   0   0   0   0   0   0   0   0   0   0   0   0   0   0
   0   0   0   0   0   0   0   0   0   0   0]
Wörter: component state change: component , Vorhersage: statisch, Werte: [1.2241668e-06], [1.1020419e-06], [3.722416e-06], [1.559502e-06], [1.8211326e-06], [2.0235957e-07], [4.1476987e-08], [7.638467e-07], [1.8649807e-06]
Wörter: \999alt9\999 , Vorhersage: variabel, Werte: [1.], [1.], [0.99999976], [0.9999999], [1.], [1.], [0.9999999]
Wörter: is in the unavailable state , Vorhersage: statisch, Werte: [9.701318e-09], [1.17765175e-08], [1.4093728e-06], [8.3286534e-07], [7.568759e-07], [7.5677e-08], [6.135175e-06], [6.132077e-08], [1.4124623e-05], [6.389904e-06]
Wörter: (hwid=9999), Vorhersage: variabel, Werte: [0.999998], [1.], [1.], [0.9999999], [0.99999654]

Log: unix.hw state_change.unavailable 9999999999 9 Component State Change: Component \999alt9\999 is in the unavailable state (HWID=9999)
[540  15 538   2 289  28 406  15 407   2 307   2  17   2 345   2 289   2
 406  18   2 345   2  26  61 647  17  26  61   2 209   2  66   2 138   2
 407   2 289   2   9 463  21  58  10   0   0   0   0   0   0   0   0   0
   0   0   0   0   0   0   0   0   0   0   0   0   0   0   0   0   0   0
   0   0   0   0   0   0   0   0   0   0   0   0   0   0   0   0   0   0
   0   0   0   0   0   0   0   0   0   0   0   0   0   0   0   0   0   0
   0   0   0   0   0   0   0   0   0   0   0   0   0   0   0   0   0   0
   0   0   0   0   0   0   0   0   0   0   0   0   0   0   0   0   0   0
   0   0   0   0   0   0   0   0   0   0   0   0   0   0   0   0   0   0
   0   0   0   0   0   0   0   0   0   0   0]
Wörter: unix.hw state_change.unavailable 9999999999 9 , Vorhersage: variabel, Werte: [0.9999989], [0.9999994], [0.9999938], [0.9999987], [0.9999987], [0.999998], [0.9999887], [0.9999958], [0.9999994], [0.999998], [0.9999976], [0.99999964], [0.9999982], [0.9999995]
Wörter: component state change: component , Vorhersage: statisch, Werte: [2.7341412e-07], [9.739794e-08], [6.935728e-06], [4.9805667e-06], [6.177423e-06], [6.870174e-07], [1.2620286e-07], [9.813607e-07], [2.2932888e-06]
Wörter: \999alt9\999 , Vorhersage: variabel, Werte: [1.], [1.], [0.99999976], [0.9999999], [1.], [1.], [0.9999999]
Wörter: is in the unavailable state , Vorhersage: statisch, Werte: [1.0811359e-08], [1.3072267e-08], [1.5064182e-06], [9.109176e-07], [8.087911e-07], [8.1679616e-08], [6.2686854e-06], [6.224344e-08], [1.393485e-05], [6.3470443e-06]
Wörter: (hwid=9999), Vorhersage: variabel, Werte: [0.999998], [1.], [1.], [0.9999999], [0.9999968]

Log: node-999 node status 9999999999 9 configured out
[  72   14   61    2   72    2  477    2  307    2   17    2 1631    2
  288    0    0    0    0    0    0    0    0    0    0    0    0    0
    0    0    0    0    0    0    0    0    0    0    0    0    0    0
    0    0    0    0    0    0    0    0    0    0    0    0    0    0
    0    0    0    0    0    0    0    0    0    0    0    0    0    0
    0    0    0    0    0    0    0    0    0    0    0    0    0    0
    0    0    0    0    0    0    0    0    0    0    0    0    0    0
    0    0    0    0    0    0    0    0    0    0    0    0    0    0
    0    0    0    0    0    0    0    0    0    0    0    0    0    0
    0    0    0    0    0    0    0    0    0    0    0    0    0    0
    0    0    0    0    0    0    0    0    0    0    0    0    0    0
    0    0    0    0    0    0    0    0    0    0    0    0    0    0
    0    0    0    0    0]
Wörter: node-999 node status 9999999999 9 , Vorhersage: variabel, Werte: [0.99970907], [0.999824], [0.99995446], [0.99998856], [0.99998224], [0.99998057], [0.9999994], [0.99999714], [0.9999764], [0.99997413], [0.9999931], [0.9999988]
Wörter: configured out, Vorhersage: statisch, Werte: [1.3356621e-05], [1.3726042e-06], [1.4566091e-05]

Log: My election bind port: 9.9.9.9/9.9.9.9:9999
[1201    2 1404    2 4053    2  945   18    2   17   15   17   15   17
   15   17   16   17   15   17   15   17   15   17   18   58    0    0
    0    0    0    0    0    0    0    0    0    0    0    0    0    0
    0    0    0    0    0    0    0    0    0    0    0    0    0    0
    0    0    0    0    0    0    0    0    0    0    0    0    0    0
    0    0    0    0    0    0    0    0    0    0    0    0    0    0
    0    0    0    0    0    0    0    0    0    0    0    0    0    0
    0    0    0    0    0    0    0    0    0    0    0    0    0    0
    0    0    0    0    0    0    0    0    0    0    0    0    0    0
    0    0    0    0    0    0    0    0    0    0    0    0    0    0
    0    0    0    0    0    0    0    0    0    0    0    0    0    0
    0    0    0    0    0    0    0    0    0    0    0    0    0    0
    0    0    0    0    0]
Wörter: my election bind port: , Vorhersage: statisch, Werte: [0.00246845], [0.00375972], [2.2173259e-05], [1.2092303e-05], [0.00011612], [1.8782242e-05], [1.4206732e-05], [7.725045e-06], [5.3964755e-05]
Wörter: 9.9.9.9/9.9.9.9:9999, Vorhersage: variabel, Werte: [1.], [1.], [1.], [1.], [1.], [1.], [1.], [1.], [1.], [1.], [1.], [1.], [1.], [1.], [1.], [1.], [0.99999976]

Log: Closed socket connection for client /99.99.99.99:99999 which had sessionid 9x99f9a99999b999e
[436   2 432   2 352   2 132   2 297   2  16  57  15  57  15  57  15  57
  18  67   2 444   2 446   2 312   2  17  53  57  35  17  30  67  31  61
  34   0   0   0   0   0   0   0   0   0   0   0   0   0   0   0   0   0
   0   0   0   0   0   0   0   0   0   0   0   0   0   0   0   0   0   0
   0   0   0   0   0   0   0   0   0   0   0   0   0   0   0   0   0   0
   0   0   0   0   0   0   0   0   0   0   0   0   0   0   0   0   0   0
   0   0   0   0   0   0   0   0   0   0   0   0   0   0   0   0   0   0
   0   0   0   0   0   0   0   0   0   0   0   0   0   0   0   0   0   0
   0   0   0   0   0   0   0   0   0   0   0   0   0   0   0   0   0   0
   0   0   0   0   0   0   0   0   0   0   0]
Wörter: closed socket connection for client , Vorhersage: statisch, Werte: [1.7396754e-06], [9.892575e-07], [3.2058942e-08], [1.8488093e-08], [6.7720464e-08], [1.8823954e-08], [1.471984e-09], [1.5230408e-09], [2.5014053e-08], [6.6349735e-08]
Wörter: /99.99.99.99:99999 , Vorhersage: variabel, Werte: [0.99999833], [1.], [1.], [1.], [1.], [1.], [1.], [1.], [1.], [0.99999404], [0.9999993]
Wörter: which had sessionid , Vorhersage: statisch, Werte: [1.8923123e-09], [9.480795e-10], [9.4229335e-08], [7.748076e-09], [5.6016927e-07], [1.0140347e-07]
Wörter: 9x99f9a99999b999e, Vorhersage: variabel, Werte: [1.], [1.], [1.], [1.], [1.], [1.], [1.], [1.], [1.], [1.]

Log: caught end of stream exception
[1286    2  876    2  134    2 1021    2  490    0    0    0    0    0
    0    0    0    0    0    0    0    0    0    0    0    0    0    0
    0    0    0    0    0    0    0    0    0    0    0    0    0    0
    0    0    0    0    0    0    0    0    0    0    0    0    0    0
    0    0    0    0    0    0    0    0    0    0    0    0    0    0
    0    0    0    0    0    0    0    0    0    0    0    0    0    0
    0    0    0    0    0    0    0    0    0    0    0    0    0    0
    0    0    0    0    0    0    0    0    0    0    0    0    0    0
    0    0    0    0    0    0    0    0    0    0    0    0    0    0
    0    0    0    0    0    0    0    0    0    0    0    0    0    0
    0    0    0    0    0    0    0    0    0    0    0    0    0    0
    0    0    0    0    0    0    0    0    0    0    0    0    0    0
    0    0    0    0    0]
Wörter: caught end of stream exception, Vorhersage: statisch, Werte: [0.0022023], [0.00259132], [0.01140728], [0.00878809], [0.00027444], [1.2609063e-05], [0.00081758], [4.795359e-06], [4.447558e-05]
Model: "sequential"
┏━━━━━━━━━━━━━━━━━━━━━━━━━━━━━━━━━━━━━━┳━━━━━━━━━━━━━━━━━━━━━━━━━━━━━┳━━━━━━━━━━━━━━━━━┓
┃ Layer (type)                         ┃ Output Shape                ┃         Param # ┃
┡━━━━━━━━━━━━━━━━━━━━━━━━━━━━━━━━━━━━━━╇━━━━━━━━━━━━━━━━━━━━━━━━━━━━━╇━━━━━━━━━━━━━━━━━┩
│ embedding (Embedding)                │ (None, 173, 64)             │         282,880 │
├──────────────────────────────────────┼─────────────────────────────┼─────────────────┤
│ bidirectional (Bidirectional)        │ (None, 173, 256)            │         148,992 │
├──────────────────────────────────────┼─────────────────────────────┼─────────────────┤
│ time_distributed (TimeDistributed)   │ (None, 173, 128)            │          32,896 │
├──────────────────────────────────────┼─────────────────────────────┼─────────────────┤
│ dropout (Dropout)                    │ (None, 173, 128)            │               0 │
├──────────────────────────────────────┼─────────────────────────────┼─────────────────┤
│ time_distributed_1 (TimeDistributed) │ (None, 173, 1)              │             129 │
└──────────────────────────────────────┴─────────────────────────────┴─────────────────┘
 Total params: 1,394,693 (5.32 MB)
 Trainable params: 464,897 (1.77 MB)
 Non-trainable params: 0 (0.00 B)
 Optimizer params: 929,796 (3.55 MB)

Training auf folgende Datei: Datensätze/Vorbereitete Daten/bgl_v1/2k/BGL_2k_evaluate_content.txt
Total Trainings-Loss: [0.01821024902164936, 0.0017402633093297482, 0.0011260024039074779, 0.0007168648880906403, 0.0005169697105884552, 0.00036192021798342466, 0.00027131810202263296, 0.00019466332742013037, 0.0002112156798830256, 0.00016717555990908295]
Total Trainings-Accuracy: [0.9949849843978882, 0.9994492530822754, 0.9996398687362671, 0.9997660517692566, 0.999832808971405, 0.999897837638855, 0.9999140501022339, 0.9999359846115112, 0.9999339580535889, 0.9999462962150574]
Total Validierungs-Loss: [0.0023145137820392847, 0.0016012637643143535, 0.0011798132909461856, 0.0010430881520733237, 0.0009310758905485272, 0.0008848645957186818, 0.0008279973408207297, 0.0007953164749778807, 0.0008254178683273494, 0.0008082979475148022]
Total Validierungs-Accuracy: [0.9992886781692505, 0.9995297193527222, 0.9997047185897827, 0.9997340440750122, 0.9997881054878235, 0.9997859001159668, 0.9998183846473694, 0.9998345375061035, 0.9998107552528381, 0.9998518824577332]
