Loss: 0.0006364955916069448, Accuracy: 0.9232527017593384

Log: 9 ddr errors(s) detected and corrected on rank 9, symbol 9, bit 9
[  17    2  465    2 1157    9   47   10    2  330    2  345    2  357
    2   88    2  606    2   17   13    2  594    2   17   13    2 1133
    2   17    0    0    0    0    0    0    0    0    0    0    0    0
    0    0    0    0    0    0    0    0    0    0    0    0    0    0
    0    0    0    0    0    0    0    0    0    0    0    0    0    0
    0    0    0    0    0    0    0    0    0    0    0    0    0    0
    0    0    0    0    0    0    0    0    0    0    0    0    0    0
    0    0    0    0    0    0    0    0    0    0    0    0    0    0
    0    0    0    0    0    0    0    0    0    0    0    0    0    0
    0    0    0    0    0    0    0    0    0    0    0    0    0    0
    0    0    0    0    0    0    0    0    0    0    0    0    0    0
    0    0    0    0    0    0    0    0    0    0    0    0    0    0
    0    0    0    0    0]
Wörter: 9 , Vorhersage: variabel, Werte: [0.9993974], [0.99722415]
Wörter: ddr errors(s) detected and corrected on rank , Vorhersage: statisch, Werte: [-1.], [-1.], [-0.99362636], [-0.98250383], [-0.99901223], [-0.9992352], [-0.99933106], [-0.9999552], [-0.99999607], [-0.9999995], [-0.99999475], [-0.99939597], [-0.9976996], [-0.9999979], [-0.9999956], [-0.9999172], [-0.99948215]
Wörter: 9, , Vorhersage: variabel, Werte: [1.], [0.9999939], [0.9999963]
Wörter: symbol , Vorhersage: statisch, Werte: [-0.9997316], [-0.9999347]
Wörter: 9, bit 9, Vorhersage: variabel, Werte: [1.], [0.9999975], [0.99999726], [0.9997345], [0.9997571], [0.99999785]

Log: instruction cache parity error corrected
[ 494    2 1424    2  950    2  222    2  357    0    0    0    0    0
    0    0    0    0    0    0    0    0    0    0    0    0    0    0
    0    0    0    0    0    0    0    0    0    0    0    0    0    0
    0    0    0    0    0    0    0    0    0    0    0    0    0    0
    0    0    0    0    0    0    0    0    0    0    0    0    0    0
    0    0    0    0    0    0    0    0    0    0    0    0    0    0
    0    0    0    0    0    0    0    0    0    0    0    0    0    0
    0    0    0    0    0    0    0    0    0    0    0    0    0    0
    0    0    0    0    0    0    0    0    0    0    0    0    0    0
    0    0    0    0    0    0    0    0    0    0    0    0    0    0
    0    0    0    0    0    0    0    0    0    0    0    0    0    0
    0    0    0    0    0    0    0    0    0    0    0    0    0    0
    0    0    0    0    0]
Wörter: instruction cache parity error corrected, Vorhersage: statisch, Werte: [-0.999753], [-0.9998313], [-0.9999933], [-0.9999986], [-0.99996513], [-0.99999803], [-0.9999995], [-1.], [-0.99999577]

Log: total of 99 ddr error(s) detected and corrected
[663   2 132   2  56   2 465   2 222   9  47  10   2 330   2 345   2 357
   0   0   0   0   0   0   0   0   0   0   0   0   0   0   0   0   0   0
   0   0   0   0   0   0   0   0   0   0   0   0   0   0   0   0   0   0
   0   0   0   0   0   0   0   0   0   0   0   0   0   0   0   0   0   0
   0   0   0   0   0   0   0   0   0   0   0   0   0   0   0   0   0   0
   0   0   0   0   0   0   0   0   0   0   0   0   0   0   0   0   0   0
   0   0   0   0   0   0   0   0   0   0   0   0   0   0   0   0   0   0
   0   0   0   0   0   0   0   0   0   0   0   0   0   0   0   0   0   0
   0   0   0   0   0   0   0   0   0   0   0   0   0   0   0   0   0   0
   0   0   0   0   0   0   0   0   0   0   0]
Wörter: total of , Vorhersage: statisch, Werte: [-0.9998191], [-0.99998885], [-0.9998318], [-0.99996275]
Wörter: 99 , Vorhersage: variabel, Werte: [0.99998754], [0.99994427]
Wörter: ddr error(s) detected and corrected, Vorhersage: statisch, Werte: [-1.], [-1.], [-0.99835664], [-0.99951744], [-0.9999731], [-0.99993587], [-0.9999525], [-0.9999237], [-0.9999948], [-0.99999934], [-0.99999535], [-0.9921562]

Log: 99.999.9.9:99999 Served block blk_-99999999999999999 to /99.999.9.9
[ 56  15  60  15  17  15  17  18  65   2 300   2 128   2 141  27  14 317
   2  90   2  16  56  15  60  15  17  15  17   0   0   0   0   0   0   0
   0   0   0   0   0   0   0   0   0   0   0   0   0   0   0   0   0   0
   0   0   0   0   0   0   0   0   0   0   0   0   0   0   0   0   0   0
   0   0   0   0   0   0   0   0   0   0   0   0   0   0   0   0   0   0
   0   0   0   0   0   0   0   0   0   0   0   0   0   0   0   0   0   0
   0   0   0   0   0   0   0   0   0   0   0   0   0   0   0   0   0   0
   0   0   0   0   0   0   0   0   0   0   0   0   0   0   0   0   0   0
   0   0   0   0   0   0   0   0   0   0   0   0   0   0   0   0   0   0
   0   0   0   0   0   0   0   0   0   0   0]
Wörter: 99.999.9.9:99999 , Vorhersage: variabel, Werte: [1.], [1.], [1.], [1.], [1.], [1.], [1.], [0.99999803], [1.], [0.9999981]
Wörter: served block , Vorhersage: statisch, Werte: [-1.], [-1.], [-1.], [-1.]
Wörter: blk_-99999999999999999 , Vorhersage: variabel, Werte: [0.99999964], [1.], [0.99991703], [0.99998045], [0.99998075]
Wörter: to , Vorhersage: statisch, Werte: [-0.99945486], [-0.9998515]
Wörter: /99.999.9.9, Vorhersage: variabel, Werte: [0.9998816], [1.], [0.9999989], [1.], [1.], [1.], [0.9999992], [0.9999995]

Log: BLOCK* NameSystem.allocateBlock: /mnt/hadoop/mapred/system/job_999999999999_9999/job.jar. blk_9999999999999999999
[ 128   11    2  299   15  492   18    2   16  730   16  738   16 1289
   16  293   16  602   27  487   27   57   16  602   15 1179   15    2
  141   27  207    0    0    0    0    0    0    0    0    0    0    0
    0    0    0    0    0    0    0    0    0    0    0    0    0    0
    0    0    0    0    0    0    0    0    0    0    0    0    0    0
    0    0    0    0    0    0    0    0    0    0    0    0    0    0
    0    0    0    0    0    0    0    0    0    0    0    0    0    0
    0    0    0    0    0    0    0    0    0    0    0    0    0    0
    0    0    0    0    0    0    0    0    0    0    0    0    0    0
    0    0    0    0    0    0    0    0    0    0    0    0    0    0
    0    0    0    0    0    0    0    0    0    0    0    0    0    0
    0    0    0    0    0    0    0    0    0    0    0    0    0    0
    0    0    0    0    0]
Wörter: block* namesystem.allocateblock: , Vorhersage: statisch, Werte: [-0.9999228], [-0.99999017], [-0.9999682], [-0.99999416], [-0.9999985], [-0.9999996], [-1.], [-0.9999954]
Wörter: /mnt/hadoop/mapred/system/job_999999999999_9999/job.jar. blk_9999999999999999999, Vorhersage: variabel, Werte: [0.9964244], [0.99983495], [0.99997437], [0.99999464], [0.99999565], [0.99999815], [0.99999845], [0.9999989], [0.9999991], [0.99999744], [0.9999968], [0.99999934], [0.99999934], [1.], [1.], [1.], [1.], [0.99998873], [0.99979615], [0.9998763], [1.], [1.], [0.9999996]

Log: 99.999.99.999:99999 Starting thread to transfer block blk_-9999999999999999999 to 99.999.999.999:99999, 99.999.99.999:99999
[ 56  15  60  15  56  15  60  18  65   2 321   2 325   2  90   2 326   2
 128   2 141  27  14 207   2  90   2  56  15  60  15  60  15  60  18  65
  13   2  56  15  60  15  56  15  60  18  65   0   0   0   0   0   0   0
   0   0   0   0   0   0   0   0   0   0   0   0   0   0   0   0   0   0
   0   0   0   0   0   0   0   0   0   0   0   0   0   0   0   0   0   0
   0   0   0   0   0   0   0   0   0   0   0   0   0   0   0   0   0   0
   0   0   0   0   0   0   0   0   0   0   0   0   0   0   0   0   0   0
   0   0   0   0   0   0   0   0   0   0   0   0   0   0   0   0   0   0
   0   0   0   0   0   0   0   0   0   0   0   0   0   0   0   0   0   0
   0   0   0   0   0   0   0   0   0   0   0]
Wörter: 99.999.99.999:99999 , Vorhersage: variabel, Werte: [1.], [1.], [1.], [1.], [1.], [1.], [1.], [1.], [1.], [0.99999917]
Wörter: starting thread to transfer block , Vorhersage: statisch, Werte: [-1.], [-1.], [-1.], [-1.], [-1.], [-1.], [-1.], [-1.], [-1.], [-1.]
Wörter: blk_-9999999999999999999 , Vorhersage: variabel, Werte: [0.999999], [1.], [0.9999216], [0.99998176], [0.9999781]
Wörter: to , Vorhersage: statisch, Werte: [-0.9999461], [-0.9999895]
Wörter: 99.999.999.999:99999, 99.999.99.999:99999, Vorhersage: variabel, Werte: [1.], [1.], [1.], [1.], [1.], [1.], [1.], [1.], [1.], [1.], [1.], [1.], [1.], [1.], [1.], [1.], [1.], [1.], [1.], [1.]

Log: rs.sinajs.cn:99 open through proxy proxy.cse.cuhk.edu.hk:9999 HTTPS
[3076   15 1628   15  538   18   56    2  277    2  272    2  193    2
  193   15  253   15  254   15  241   15  192   18   57    2  284    0
    0    0    0    0    0    0    0    0    0    0    0    0    0    0
    0    0    0    0    0    0    0    0    0    0    0    0    0    0
    0    0    0    0    0    0    0    0    0    0    0    0    0    0
    0    0    0    0    0    0    0    0    0    0    0    0    0    0
    0    0    0    0    0    0    0    0    0    0    0    0    0    0
    0    0    0    0    0    0    0    0    0    0    0    0    0    0
    0    0    0    0    0    0    0    0    0    0    0    0    0    0
    0    0    0    0    0    0    0    0    0    0    0    0    0    0
    0    0    0    0    0    0    0    0    0    0    0    0    0    0
    0    0    0    0    0    0    0    0    0    0    0    0    0    0
    0    0    0    0    0]
Wörter: rs.sinajs.cn:99 , Vorhersage: variabel, Werte: [0.99905723], [0.99985766], [0.99992716], [0.9999811], [0.9999908], [0.99997866], [1.], [0.9999968]
Wörter: open through proxy , Vorhersage: statisch, Werte: [-0.9999992], [-1.], [-1.], [-1.], [-0.99997663], [-0.9999725]
Wörter: proxy.cse.cuhk.edu.hk:9999 , Vorhersage: variabel, Werte: [0.9992396], [0.9999785], [0.99999964], [0.9999986], [0.99999344], [0.9999826], [0.99997914], [0.9999378], [1.], [0.99999446], [1.], [1.]
Wörter: https, Vorhersage: statisch, Werte: [-1.]

Log: pic9.zhimg.com:999 close, 9999 bytes (9.99 KB) sent, 9999 bytes (9.99 KB) received, lifetime 99:99
[1558   17   15 2724   15  216   18   60    2  238   13    2   57    2
  212    2    9   17   15   56    2  215   10    2  298   13    2   57
    2  212    2    9   17   15   56    2  215   10    2  214   13    2
  303    2   56   18   56    0    0    0    0    0    0    0    0    0
    0    0    0    0    0    0    0    0    0    0    0    0    0    0
    0    0    0    0    0    0    0    0    0    0    0    0    0    0
    0    0    0    0    0    0    0    0    0    0    0    0    0    0
    0    0    0    0    0    0    0    0    0    0    0    0    0    0
    0    0    0    0    0    0    0    0    0    0    0    0    0    0
    0    0    0    0    0    0    0    0    0    0    0    0    0    0
    0    0    0    0    0    0    0    0    0    0    0    0    0    0
    0    0    0    0    0    0    0    0    0    0    0    0    0    0
    0    0    0    0    0]
Wörter: pic9.zhimg.com:999 , Vorhersage: variabel, Werte: [0.99991065], [1.], [1.], [1.], [1.], [1.], [1.], [1.], [1.]
Wörter: close, , Vorhersage: statisch, Werte: [-1.], [-1.], [-1.]
Wörter: 9999 , Vorhersage: variabel, Werte: [1.], [1.]
Wörter: bytes , Vorhersage: statisch, Werte: [-1.], [-1.]
Wörter: (9.99 kb) , Vorhersage: variabel, Werte: [0.9996639], [1.], [0.9999844], [1.], [0.9999978], [0.99998176], [0.99997705], [0.9999735]
Wörter: sent, , Vorhersage: statisch, Werte: [-0.99999684], [-1.], [-1.]
Wörter: 9999 , Vorhersage: variabel, Werte: [1.], [1.]
Wörter: bytes , Vorhersage: statisch, Werte: [-1.], [-1.]
Wörter: (9.99 kb) , Vorhersage: variabel, Werte: [0.9997795], [1.], [0.9999917], [1.], [0.9999985], [0.9999936], [0.9999915], [0.9999873]
Wörter: received, lifetime , Vorhersage: statisch, Werte: [-0.9999947], [-1.], [-1.], [-1.], [-1.]
Wörter: 99:99, Vorhersage: variabel, Werte: [1.], [0.9999989], [0.9999995]

Log: ping9.teamviewer.com:999 (IPv9) error : Could not connect through proxy proxy.cse.cuhk.edu.hk:9999 - Proxy server cannot establish a connection with the target, status code 999
[1674   17   15 1645   15  216   18   60    2    9 2067   17   10    2
  222    2   18    2  491    2  108    2  316    2  272    2  193    2
  193   15  253   15  254   15  241   15  192   18   57    2   14    2
  193    2  485    2  755    2  377    2   29    2  349    2  358    2
  140    2  696   13    2  488    2  462    2   60    0    0    0    0
    0    0    0    0    0    0    0    0    0    0    0    0    0    0
    0    0    0    0    0    0    0    0    0    0    0    0    0    0
    0    0    0    0    0    0    0    0    0    0    0    0    0    0
    0    0    0    0    0    0    0    0    0    0    0    0    0    0
    0    0    0    0    0    0    0    0    0    0    0    0    0    0
    0    0    0    0    0    0    0    0    0    0    0    0    0    0
    0    0    0    0    0    0    0    0    0    0    0    0    0    0
    0    0    0    0    0]
Wörter: ping9.teamviewer.com:999 (ipv9) , Vorhersage: variabel, Werte: [0.99996233], [1.], [1.], [1.], [1.], [1.], [1.], [1.], [1.], [0.9999309], [0.9999812], [1.], [0.9999816], [0.99998343]
Wörter: error : could not connect through proxy , Vorhersage: statisch, Werte: [-0.99996793], [-0.9999989], [-0.9998841], [-0.9991157], [-0.9998219], [-0.99997514], [-0.99944407], [-0.9991845], [-0.99999654], [-0.99999964], [-1.], [-1.], [-0.9999989], [-0.99999833]
Wörter: proxy.cse.cuhk.edu.hk:9999 , Vorhersage: variabel, Werte: [0.99852604], [0.99996275], [0.99999934], [0.99999803], [0.99998856], [0.9999714], [0.99996996], [0.9999238], [1.], [0.9999966], [1.], [1.]
Wörter: - proxy server cannot establish a connection with the target, status code , Vorhersage: statisch, Werte: [-1.], [-1.], [-0.9999878], [-0.9999927], [-1.], [-1.], [-1.], [-1.], [-0.9999997], [-1.], [-1.], [-1.], [-1.], [-1.], [-1.], [-1.], [-1.], [-1.], [-0.99999446], [-0.9999901], [-0.99995565], [-1.], [-1.], [-1.], [-1.]
Wörter: 999, Vorhersage: variabel, Werte: [0.9999317]

Log: Component State Change: Component \999alt9\999 is in the unavailable state (HWID=9999)
[ 894   88  259    2  514    2 1026  285   18    2  894   88  259    2
   60  209   48   17   60    2  223    2   64    2  140    2 2816    2
  514    2    9 1665   93   21   57   10    0    0    0    0    0    0
    0    0    0    0    0    0    0    0    0    0    0    0    0    0
    0    0    0    0    0    0    0    0    0    0    0    0    0    0
    0    0    0    0    0    0    0    0    0    0    0    0    0    0
    0    0    0    0    0    0    0    0    0    0    0    0    0    0
    0    0    0    0    0    0    0    0    0    0    0    0    0    0
    0    0    0    0    0    0    0    0    0    0    0    0    0    0
    0    0    0    0    0    0    0    0    0    0    0    0    0    0
    0    0    0    0    0    0    0    0    0    0    0    0    0    0
    0    0    0    0    0    0    0    0    0    0    0    0    0    0
    0    0    0    0    0]
Wörter: component state change: component , Vorhersage: statisch, Werte: [-0.97979975], [-0.99999505], [-0.99999946], [-1.], [-0.9999997], [-1.], [-0.99942195], [-0.9999438], [-0.9999964], [-0.9999446], [-0.9972237], [-0.99999607], [-0.9999996], [-1.]
Wörter: 999alt9999 , Vorhersage: variabel, Werte: [1.], [1.], [1.], [1.], [1.], [0.99999917]
Wörter: is in the unavailable state (hwid, Vorhersage: statisch, Werte: [-1.], [-1.], [-0.9999993], [-1.], [-1.], [-1.], [-1.], [-1.], [-1.], [-1.], [-0.6720742], [-0.9964285], [-0.9994422]
Wörter: =9999), Vorhersage: variabel, Werte: [0.6137323], [0.9999465], [0.99337304]

Log: unix.hw state_change.unavailable 9999999999 9 Component State Change: Component \999alt9\999 is in the unavailable state (HWID=9999)
[2637   52   15 1665    2  514   27 1026  285   15 2816    2  525    2
   17    2  894   88  259    2  514    2 1026  285   18    2  894   88
  259    2   60  209   48   17   60    2  223    2   64    2  140    2
 2816    2  514    2    9 1665   93   21   57   10    0    0    0    0
    0    0    0    0    0    0    0    0    0    0    0    0    0    0
    0    0    0    0    0    0    0    0    0    0    0    0    0    0
    0    0    0    0    0    0    0    0    0    0    0    0    0    0
    0    0    0    0    0    0    0    0    0    0    0    0    0    0
    0    0    0    0    0    0    0    0    0    0    0    0    0    0
    0    0    0    0    0    0    0    0    0    0    0    0    0    0
    0    0    0    0    0    0    0    0    0    0    0    0    0    0
    0    0    0    0    0    0    0    0    0    0    0    0    0    0
    0    0    0    0    0]
Wörter: unix., Vorhersage: variabel, Werte: [0.51145285], [0.9947965], [0.7855417]
Wörter: hw state_change.unavailable 9999999999 , Vorhersage: statisch, Werte: [-0.9983832], [-0.9991398], [-0.99996406], [-0.9999626], [-0.9997971], [-0.99937296], [-0.9996422], [-0.9999492], [-0.99994236], [-0.56959057], [-0.30056554]
Wörter: 9 , Vorhersage: variabel, Werte: [0.9999919], [0.99996823]
Wörter: component state change: component , Vorhersage: statisch, Werte: [-0.99971336], [-0.9999988], [-0.9999994], [-1.], [-0.9999997], [-1.], [-0.9997192], [-0.9999755], [-0.9999984], [-0.9999727], [-0.9975068], [-0.9999968], [-0.9999997], [-1.]
Wörter: 999alt9999 , Vorhersage: variabel, Werte: [1.], [1.], [1.], [1.], [1.], [0.99999917]
Wörter: is in the unavailable state (hwid, Vorhersage: statisch, Werte: [-1.], [-1.], [-0.9999994], [-1.], [-1.], [-1.], [-1.], [-1.], [-1.], [-1.], [-0.6720286], [-0.9964266], [-0.999442]
Wörter: =9999), Vorhersage: variabel, Werte: [0.61371315], [0.9999465], [0.99337345]

Log: node-999 node status 9999999999 9 configured out
[  74   14   60    2   74    2  488    2  525    2   17    2 1777  634
   82    2  286    0    0    0    0    0    0    0    0    0    0    0
    0    0    0    0    0    0    0    0    0    0    0    0    0    0
    0    0    0    0    0    0    0    0    0    0    0    0    0    0
    0    0    0    0    0    0    0    0    0    0    0    0    0    0
    0    0    0    0    0    0    0    0    0    0    0    0    0    0
    0    0    0    0    0    0    0    0    0    0    0    0    0    0
    0    0    0    0    0    0    0    0    0    0    0    0    0    0
    0    0    0    0    0    0    0    0    0    0    0    0    0    0
    0    0    0    0    0    0    0    0    0    0    0    0    0    0
    0    0    0    0    0    0    0    0    0    0    0    0    0    0
    0    0    0    0    0    0    0    0    0    0    0    0    0    0
    0    0    0    0    0]
Wörter: node-999 , Vorhersage: variabel, Werte: [0.9996817], [0.99917316], [0.9999945], [0.9999594]
Wörter: node status 9999999999 , Vorhersage: statisch, Werte: [-0.9992951], [-0.99961793], [-0.9999951], [-0.99999976], [-0.9956069], [-0.9989147]
Wörter: 9 configur, Vorhersage: variabel, Werte: [0.9999898], [0.99997485], [0.5010569], [0.4482165]
Wörter: ed out, Vorhersage: statisch, Werte: [-0.21067317], [-0.8365708], [-0.99293005]

Log: My election bind port: 9.9.9.9/9.9.9.9:9999
[1093    2 1244    2 3877    2  870   18    2   17   15   17   15   17
   15   17   16   17   15   17   15   17   15   17   18   57    0    0
    0    0    0    0    0    0    0    0    0    0    0    0    0    0
    0    0    0    0    0    0    0    0    0    0    0    0    0    0
    0    0    0    0    0    0    0    0    0    0    0    0    0    0
    0    0    0    0    0    0    0    0    0    0    0    0    0    0
    0    0    0    0    0    0    0    0    0    0    0    0    0    0
    0    0    0    0    0    0    0    0    0    0    0    0    0    0
    0    0    0    0    0    0    0    0    0    0    0    0    0    0
    0    0    0    0    0    0    0    0    0    0    0    0    0    0
    0    0    0    0    0    0    0    0    0    0    0    0    0    0
    0    0    0    0    0    0    0    0    0    0    0    0    0    0
    0    0    0    0    0]
Wörter: my election bind port: , Vorhersage: statisch, Werte: [-0.9961971], [-0.99722826], [-1.], [-1.], [-0.99999887], [-0.9999995], [-0.99999833], [-1.], [-1.]
Wörter: 9.9.9.9/9.9.9.9:9999, Vorhersage: variabel, Werte: [1.], [1.], [1.], [1.], [1.], [1.], [1.], [1.], [1.], [1.], [1.], [1.], [1.], [1.], [1.], [1.], [1.]

Log: Closed socket connection for client /99.99.99.99:99999 which had sessionid 9x99f9a99999b999e
[385   2 389   2 349   2 125   2 281   2  16  56  15  56  15  56  15  56
  18  65   2 396   2 398   2 290   2  17  52  56  34  17  29  65  30  60
  33   0   0   0   0   0   0   0   0   0   0   0   0   0   0   0   0   0
   0   0   0   0   0   0   0   0   0   0   0   0   0   0   0   0   0   0
   0   0   0   0   0   0   0   0   0   0   0   0   0   0   0   0   0   0
   0   0   0   0   0   0   0   0   0   0   0   0   0   0   0   0   0   0
   0   0   0   0   0   0   0   0   0   0   0   0   0   0   0   0   0   0
   0   0   0   0   0   0   0   0   0   0   0   0   0   0   0   0   0   0
   0   0   0   0   0   0   0   0   0   0   0   0   0   0   0   0   0   0
   0   0   0   0   0   0   0   0   0   0   0]
Wörter: closed socket connection for client , Vorhersage: statisch, Werte: [-0.9999947], [-0.999997], [-0.9999997], [-0.9999989], [-0.99999833], [-1.], [-0.99999756], [-0.9999968], [-0.9988084], [-0.9998662]
Wörter: /99.99.99.99:99999 , Vorhersage: variabel, Werte: [0.99989825], [1.], [1.], [1.], [1.], [1.], [1.], [1.], [0.9999992], [1.], [0.9999986]
Wörter: which had sessionid , Vorhersage: statisch, Werte: [-1.], [-1.], [-1.], [-1.], [-1.], [-1.]
Wörter: 9x99f9a99999b999e, Vorhersage: variabel, Werte: [1.], [1.], [1.], [1.], [1.], [1.], [1.], [1.], [1.], [1.]

Log: caught end of stream exception
[1121    2  758    2  132    2  933    2  464    0    0    0    0    0
    0    0    0    0    0    0    0    0    0    0    0    0    0    0
    0    0    0    0    0    0    0    0    0    0    0    0    0    0
    0    0    0    0    0    0    0    0    0    0    0    0    0    0
    0    0    0    0    0    0    0    0    0    0    0    0    0    0
    0    0    0    0    0    0    0    0    0    0    0    0    0    0
    0    0    0    0    0    0    0    0    0    0    0    0    0    0
    0    0    0    0    0    0    0    0    0    0    0    0    0    0
    0    0    0    0    0    0    0    0    0    0    0    0    0    0
    0    0    0    0    0    0    0    0    0    0    0    0    0    0
    0    0    0    0    0    0    0    0    0    0    0    0    0    0
    0    0    0    0    0    0    0    0    0    0    0    0    0    0
    0    0    0    0    0]
Wörter: caught end of stream exception, Vorhersage: statisch, Werte: [-0.99999785], [-0.99999905], [-0.9999985], [-0.9999995], [-0.9990236], [-0.9999874], [-0.9492523], [-0.99783504], [-0.99991584]
Model: "sequential"
┏━━━━━━━━━━━━━━━━━━━━━━━━━━━━━━━━━━━━━━┳━━━━━━━━━━━━━━━━━━━━━━━━━━━━━┳━━━━━━━━━━━━━━━━━┓
┃ Layer (type)                         ┃ Output Shape                ┃         Param # ┃
┡━━━━━━━━━━━━━━━━━━━━━━━━━━━━━━━━━━━━━━╇━━━━━━━━━━━━━━━━━━━━━━━━━━━━━╇━━━━━━━━━━━━━━━━━┩
│ embedding (Embedding)                │ (None, 173, 64)             │         273,600 │
├──────────────────────────────────────┼─────────────────────────────┼─────────────────┤
│ bidirectional (Bidirectional)        │ (None, 173, 256)            │         148,992 │
├──────────────────────────────────────┼─────────────────────────────┼─────────────────┤
│ time_distributed (TimeDistributed)   │ (None, 173, 128)            │          32,896 │
├──────────────────────────────────────┼─────────────────────────────┼─────────────────┤
│ dropout (Dropout)                    │ (None, 173, 128)            │               0 │
├──────────────────────────────────────┼─────────────────────────────┼─────────────────┤
│ time_distributed_1 (TimeDistributed) │ (None, 173, 1)              │             129 │
└──────────────────────────────────────┴─────────────────────────────┴─────────────────┘
 Total params: 1,366,853 (5.21 MB)
 Trainable params: 455,617 (1.74 MB)
 Non-trainable params: 0 (0.00 B)
 Optimizer params: 911,236 (3.48 MB)

Training auf folgende Datei: Datensätze/Vorbereitete Daten/bgl_v1/unique_data/content_list_bgl_unique.txt
Total Trainings-Loss: [0.013288929127156734, 0.002588589210063219, 0.0012207339750602841, 0.000725161749869585, 0.0005311779677867889, 0.0004330132796894759, 0.0004026907845400274, 0.00029132954659871757, 0.0002637496218085289, 0.0002747874823398888]
Total Trainings-Accuracy: [0.9179794788360596, 0.9243798851966858, 0.9247008562088013, 0.9247902631759644, 0.9248292446136475, 0.9248403310775757, 0.9248585104942322, 0.9248771667480469, 0.9248839020729065, 0.9248802065849304]
Total Validierungs-Loss: [0.0031880615279078484, 0.0027804251294583082, 0.001199777820147574, 0.0009711170569062233, 0.0009672188316471875, 0.0009429919882677495, 0.0007241794373840094, 0.0006536418804898858, 0.0005986419855616987, 0.000636508222669363]
Total Validierungs-Accuracy: [0.9226344227790833, 0.9227544665336609, 0.9231851100921631, 0.9232163429260254, 0.9232264757156372, 0.9232051968574524, 0.9232086539268494, 0.9232354760169983, 0.9232264757156372, 0.9232523441314697]
