Loss: 0.0008243627962656319, Accuracy: 0.9265980124473572

Log: 9 ddr errors(s) detected and corrected on rank 9, symbol 9, bit 9
[  17    2  474    2  941    9   48   10    2  296    2  288    2  333
    2   86    2  594    2   17   13    2  592    2   17   13    2 1060
    2   17    0    0    0    0    0    0    0    0    0    0    0    0
    0    0    0    0    0    0    0    0    0    0    0    0    0    0
    0    0    0    0    0    0    0    0    0    0    0    0    0    0
    0    0    0    0    0    0    0    0    0    0    0    0    0    0
    0    0    0    0    0    0    0    0    0    0    0    0    0    0
    0    0    0    0    0    0    0    0    0    0    0    0    0    0
    0    0    0    0    0    0    0    0    0    0    0    0    0    0
    0    0    0    0    0    0    0    0    0    0    0    0    0    0
    0    0    0    0    0    0    0    0    0    0    0    0    0    0
    0    0    0    0    0    0    0    0    0    0    0    0    0    0
    0    0    0    0    0]
Wörter: 9 , Vorhersage: variabel, Werte: [0.9999944], [0.99998623]
Wörter: ddr errors(s) detected and corrected on rank , Vorhersage: statisch, Werte: [-1.], [-1.], [-0.9999993], [-0.9999814], [-0.99998754], [-0.9999924], [-0.99999714], [-0.9999931], [-0.9999987], [-1.], [-1.], [-0.99966615], [-0.9998584], [-0.99828136], [-0.9993466], [-0.9999078], [-0.9999969]
Wörter: 9, , Vorhersage: variabel, Werte: [1.], [0.9999652], [0.9999868]
Wörter: symbol , Vorhersage: statisch, Werte: [-0.99999607], [-0.99999934]
Wörter: 9, bit 9, Vorhersage: variabel, Werte: [1.], [0.99999315], [0.99999076], [0.7816766], [0.8873506], [0.9970916]

Log: instruction cache parity error corrected
[ 490    2 1292    2  960    2  213    2  333    0    0    0    0    0
    0    0    0    0    0    0    0    0    0    0    0    0    0    0
    0    0    0    0    0    0    0    0    0    0    0    0    0    0
    0    0    0    0    0    0    0    0    0    0    0    0    0    0
    0    0    0    0    0    0    0    0    0    0    0    0    0    0
    0    0    0    0    0    0    0    0    0    0    0    0    0    0
    0    0    0    0    0    0    0    0    0    0    0    0    0    0
    0    0    0    0    0    0    0    0    0    0    0    0    0    0
    0    0    0    0    0    0    0    0    0    0    0    0    0    0
    0    0    0    0    0    0    0    0    0    0    0    0    0    0
    0    0    0    0    0    0    0    0    0    0    0    0    0    0
    0    0    0    0    0    0    0    0    0    0    0    0    0    0
    0    0    0    0    0]
Wörter: instruction cache parity error corrected, Vorhersage: statisch, Werte: [-1.], [-1.], [-1.], [-1.], [-1.], [-1.], [-1.], [-1.], [-1.]

Log: total of 99 ddr error(s) detected and corrected
[703   2 134   2  57   2 474   2 213   9  48  10   2 296   2 288   2 333
   0   0   0   0   0   0   0   0   0   0   0   0   0   0   0   0   0   0
   0   0   0   0   0   0   0   0   0   0   0   0   0   0   0   0   0   0
   0   0   0   0   0   0   0   0   0   0   0   0   0   0   0   0   0   0
   0   0   0   0   0   0   0   0   0   0   0   0   0   0   0   0   0   0
   0   0   0   0   0   0   0   0   0   0   0   0   0   0   0   0   0   0
   0   0   0   0   0   0   0   0   0   0   0   0   0   0   0   0   0   0
   0   0   0   0   0   0   0   0   0   0   0   0   0   0   0   0   0   0
   0   0   0   0   0   0   0   0   0   0   0   0   0   0   0   0   0   0
   0   0   0   0   0   0   0   0   0   0   0]
Wörter: total of , Vorhersage: statisch, Werte: [-0.99999964], [-1.], [-0.9999997], [-1.]
Wörter: 99 , Vorhersage: variabel, Werte: [1.], [0.99999917]
Wörter: ddr error(s) detected and corrected, Vorhersage: statisch, Werte: [-1.], [-1.], [-0.9999993], [-0.9999867], [-0.99987555], [-0.99980944], [-0.9998703], [-0.99986917], [-0.99997985], [-0.99999934], [-1.], [-0.9999228]

Log: 99.999.9.9:99999 Served block blk_-99999999999999999 to /99.999.9.9
[  57   15   62   15   17   15   17   18   73    2  404    2  719    2
 2474   40   28   14   81   17    2  132    2   16   57   15   62   15
   17   15   17    0    0    0    0    0    0    0    0    0    0    0
    0    0    0    0    0    0    0    0    0    0    0    0    0    0
    0    0    0    0    0    0    0    0    0    0    0    0    0    0
    0    0    0    0    0    0    0    0    0    0    0    0    0    0
    0    0    0    0    0    0    0    0    0    0    0    0    0    0
    0    0    0    0    0    0    0    0    0    0    0    0    0    0
    0    0    0    0    0    0    0    0    0    0    0    0    0    0
    0    0    0    0    0    0    0    0    0    0    0    0    0    0
    0    0    0    0    0    0    0    0    0    0    0    0    0    0
    0    0    0    0    0    0    0    0    0    0    0    0    0    0
    0    0    0    0    0]
Wörter: 99.999.9.9:99999 , Vorhersage: variabel, Werte: [1.], [1.], [1.], [1.], [1.], [1.], [1.], [1.], [1.], [1.]
Wörter: served block , Vorhersage: statisch, Werte: [-0.99397856], [-0.99703866], [-0.9999992], [-1.]
Wörter: blk_-99999999999999999 , Vorhersage: variabel, Werte: [0.8198775], [0.99837476], [0.9997054], [0.9993469], [0.9926724], [0.99999505], [0.99999344]
Wörter: to , Vorhersage: statisch, Werte: [-0.99999815], [-1.]
Wörter: /99.999.9.9, Vorhersage: variabel, Werte: [0.99999666], [1.], [1.], [1.], [1.], [1.], [1.], [1.]

Log: BLOCK* NameSystem.allocateBlock: /mnt/hadoop/mapred/system/job_999999999999_9999/job.jar. blk_9999999999999999999
[ 719   11    2 1478  273   15  218   89 2482  335  707   18    2   16
   42  177   16   37 1432   44   45   16  217   80   85   16  273   16
 3266   28 1993   28   58   16 3266   15 1513   15    2 2474   40   28
   81   62    0    0    0    0    0    0    0    0    0    0    0    0
    0    0    0    0    0    0    0    0    0    0    0    0    0    0
    0    0    0    0    0    0    0    0    0    0    0    0    0    0
    0    0    0    0    0    0    0    0    0    0    0    0    0    0
    0    0    0    0    0    0    0    0    0    0    0    0    0    0
    0    0    0    0    0    0    0    0    0    0    0    0    0    0
    0    0    0    0    0    0    0    0    0    0    0    0    0    0
    0    0    0    0    0    0    0    0    0    0    0    0    0    0
    0    0    0    0    0    0    0    0    0    0    0    0    0    0
    0    0    0    0    0]
Wörter: block* , Vorhersage: statisch, Werte: [-0.9988383], [-0.9994225], [-0.9998852]
Wörter: namesystem.allocateblock: /, Vorhersage: variabel, Werte: [0.9643738], [0.9819355], [0.9955692], [0.9994696], [0.9994759], [0.9992073], [0.99860513], [0.9991131], [0.99338394], [0.9876125], [0.66776603]
Wörter: mnt, Vorhersage: statisch, Werte: [-0.4267705], [-0.21354188]
Wörter: /hadoop/mapred/system/job_999999999999_9999/job.jar. blk_9999999999999999999, Vorhersage: variabel, Werte: [0.9645257], [0.97272766], [0.9930203], [0.9993709], [0.9996477], [0.99999344], [0.99999565], [0.9999988], [0.9999749], [0.9999989], [0.99999803], [1.], [0.99997526], [0.9999961], [1.], [1.], [1.], [1.], [1.], [1.], [0.9999987], [0.99999493], [0.9999951], [0.9969385], [0.99848163], [0.9998279], [0.99996996], [1.]

Log: 99.999.99.999:99999 Starting thread to transfer block blk_-9999999999999999999 to 99.999.999.999:99999, 99.999.99.999:99999
[  57   15   62   15   57   15   62   18   73    2 1121    2 3522    2
  132    2  451  245   48 2498    2  719    2 2474   40   28   14   81
   62    2  132    2   57   15   62   15   62   15   62   18   73   13
    2   57   15   62   15   57   15   62   18   73    0    0    0    0
    0    0    0    0    0    0    0    0    0    0    0    0    0    0
    0    0    0    0    0    0    0    0    0    0    0    0    0    0
    0    0    0    0    0    0    0    0    0    0    0    0    0    0
    0    0    0    0    0    0    0    0    0    0    0    0    0    0
    0    0    0    0    0    0    0    0    0    0    0    0    0    0
    0    0    0    0    0    0    0    0    0    0    0    0    0    0
    0    0    0    0    0    0    0    0    0    0    0    0    0    0
    0    0    0    0    0    0    0    0    0    0    0    0    0    0
    0    0    0    0    0]
Wörter: 99.999.99.999:99999 , Vorhersage: variabel, Werte: [1.], [1.], [1.], [1.], [1.], [1.], [1.], [1.], [1.], [1.]
Wörter: starting thread to transfer block , Vorhersage: statisch, Werte: [-1.], [-1.], [-1.], [-1.], [-1.], [-1.], [-0.9999992], [-1.], [-0.99999934], [-1.], [-1.], [-1.], [-1.]
Wörter: blk_-9999999999999999999 , Vorhersage: variabel, Werte: [0.90092826], [0.99825895], [0.9997345], [0.9999731], [0.9999315], [1.], [1.]
Wörter: to , Vorhersage: statisch, Werte: [-0.9843422], [-0.99619234]
Wörter: 99.999.999.999:99999, 99.999.99.999:99999, Vorhersage: variabel, Werte: [1.], [1.], [1.], [1.], [1.], [1.], [1.], [1.], [1.], [1.], [1.], [1.], [1.], [1.], [1.], [1.], [1.], [1.], [1.], [1.]

Log: rs.sinajs.cn:99 open through proxy proxy.cse.cuhk.edu.hk:9999 HTTPS
[2559   15 1659   15  545   18   57    2  267    2  257    2  192    2
  192   15  243   15  244   15  241   15  189   18   58    2  279    0
    0    0    0    0    0    0    0    0    0    0    0    0    0    0
    0    0    0    0    0    0    0    0    0    0    0    0    0    0
    0    0    0    0    0    0    0    0    0    0    0    0    0    0
    0    0    0    0    0    0    0    0    0    0    0    0    0    0
    0    0    0    0    0    0    0    0    0    0    0    0    0    0
    0    0    0    0    0    0    0    0    0    0    0    0    0    0
    0    0    0    0    0    0    0    0    0    0    0    0    0    0
    0    0    0    0    0    0    0    0    0    0    0    0    0    0
    0    0    0    0    0    0    0    0    0    0    0    0    0    0
    0    0    0    0    0    0    0    0    0    0    0    0    0    0
    0    0    0    0    0]
Wörter: rs.sinajs.cn:99 , Vorhersage: variabel, Werte: [0.9999609], [0.9999978], [0.99999964], [1.], [1.], [1.], [1.], [1.]
Wörter: open through proxy , Vorhersage: statisch, Werte: [-0.9999988], [-1.], [-1.], [-1.], [-1.], [-1.]
Wörter: proxy.cse.cuhk.edu.hk:9999 , Vorhersage: variabel, Werte: [0.9997743], [0.99999774], [1.], [1.], [1.], [1.], [1.], [1.], [1.], [0.9999994], [1.], [1.]
Wörter: https, Vorhersage: statisch, Werte: [-1.]

Log: pic9.zhimg.com:999 close, 9999 bytes (9.99 KB) sent, 9999 bytes (9.99 KB) received, lifetime 99:99
[1701   17   15 2227   15  185   18   62    2  231   13    2   58    2
  207    2    9   17   15   57    2  210   10    2  281   13    2   58
    2  207    2    9   17   15   57    2  210   10    2  269   13    2
  283    2   57   18   57    0    0    0    0    0    0    0    0    0
    0    0    0    0    0    0    0    0    0    0    0    0    0    0
    0    0    0    0    0    0    0    0    0    0    0    0    0    0
    0    0    0    0    0    0    0    0    0    0    0    0    0    0
    0    0    0    0    0    0    0    0    0    0    0    0    0    0
    0    0    0    0    0    0    0    0    0    0    0    0    0    0
    0    0    0    0    0    0    0    0    0    0    0    0    0    0
    0    0    0    0    0    0    0    0    0    0    0    0    0    0
    0    0    0    0    0    0    0    0    0    0    0    0    0    0
    0    0    0    0    0]
Wörter: pic9.zhimg.com:999 , Vorhersage: variabel, Werte: [0.9999983], [1.], [1.], [1.], [1.], [1.], [1.], [1.], [1.]
Wörter: close, , Vorhersage: statisch, Werte: [-0.9999991], [-1.], [-1.]
Wörter: 9999 , Vorhersage: variabel, Werte: [1.], [1.]
Wörter: bytes , Vorhersage: statisch, Werte: [-1.], [-1.]
Wörter: (9.99 kb) , Vorhersage: variabel, Werte: [0.9999867], [1.], [1.], [1.], [1.], [0.9999991], [0.99999946], [0.9999961]
Wörter: sent, , Vorhersage: statisch, Werte: [-1.], [-1.], [-1.]
Wörter: 9999 , Vorhersage: variabel, Werte: [1.], [1.]
Wörter: bytes , Vorhersage: statisch, Werte: [-1.], [-1.]
Wörter: (9.99 kb) , Vorhersage: variabel, Werte: [0.99999475], [1.], [1.], [1.], [1.], [0.9999997], [1.], [0.9999993]
Wörter: received, lifetime , Vorhersage: statisch, Werte: [-1.], [-1.], [-1.], [-0.99999875], [-0.9999989]
Wörter: 99:99, Vorhersage: variabel, Werte: [1.], [1.], [1.]

Log: ping9.teamviewer.com:999 (IPv9) error : Could not connect through proxy proxy.cse.cuhk.edu.hk:9999 - Proxy server cannot establish a connection with the target, status code 999
[1605   17   15 1583   15  185   18   62    2    9 2255   17   10    2
  213    2   18    2  500    2  107    2  293    2  257    2  192    2
  192   15  243   15  244   15  241   15  189   18   58    2   14    2
  192    2  481    2  730    2  359    2   30    2  316    2  340    2
  129    2  438   13    2  432    2  470    2   62    0    0    0    0
    0    0    0    0    0    0    0    0    0    0    0    0    0    0
    0    0    0    0    0    0    0    0    0    0    0    0    0    0
    0    0    0    0    0    0    0    0    0    0    0    0    0    0
    0    0    0    0    0    0    0    0    0    0    0    0    0    0
    0    0    0    0    0    0    0    0    0    0    0    0    0    0
    0    0    0    0    0    0    0    0    0    0    0    0    0    0
    0    0    0    0    0    0    0    0    0    0    0    0    0    0
    0    0    0    0    0]
Wörter: ping9.teamviewer.com:999 (ipv9) , Vorhersage: variabel, Werte: [0.9999995], [1.], [1.], [1.], [1.], [1.], [1.], [1.], [1.], [0.99968934], [0.9994487], [0.99999833], [0.9999951], [0.99995774]
Wörter: error : could not connect through proxy , Vorhersage: statisch, Werte: [-0.9999821], [-0.9999995], [-1.], [-0.9999993], [-1.], [-1.], [-1.], [-1.], [-1.], [-1.], [-1.], [-1.], [-1.], [-1.]
Wörter: proxy.cse.cuhk.edu.hk:9999 , Vorhersage: variabel, Werte: [0.99977696], [0.9999953], [1.], [1.], [1.], [1.], [1.], [1.], [1.], [1.], [1.], [1.]
Wörter: - proxy server cannot establish a connection with the target, status code , Vorhersage: statisch, Werte: [-0.9999995], [-1.], [-0.9999973], [-0.99999946], [-0.9999995], [-1.], [-1.], [-1.], [-1.], [-1.], [-1.], [-1.], [-1.], [-1.], [-1.], [-1.], [-1.], [-1.], [-0.9999996], [-0.99999905], [-1.], [-1.], [-1.], [-1.], [-1.]
Wörter: 999, Vorhersage: variabel, Werte: [0.99989754]

Log: Component State Change: Component \999alt9\999 is in the unavailable state (HWID=9999)
[314   2 271   2 366  18   2 314   2  26  62 597  17  26  62   2 216   2
  66   2 129   2 367   2 271   2   9 419  21  58  10   0   0   0   0   0
   0   0   0   0   0   0   0   0   0   0   0   0   0   0   0   0   0   0
   0   0   0   0   0   0   0   0   0   0   0   0   0   0   0   0   0   0
   0   0   0   0   0   0   0   0   0   0   0   0   0   0   0   0   0   0
   0   0   0   0   0   0   0   0   0   0   0   0   0   0   0   0   0   0
   0   0   0   0   0   0   0   0   0   0   0   0   0   0   0   0   0   0
   0   0   0   0   0   0   0   0   0   0   0   0   0   0   0   0   0   0
   0   0   0   0   0   0   0   0   0   0   0   0   0   0   0   0   0   0
   0   0   0   0   0   0   0   0   0   0   0]
Wörter: component state change: component , Vorhersage: statisch, Werte: [-1.], [-1.], [-1.], [-1.], [-1.], [-1.], [-1.], [-1.], [-1.]
Wörter: \999alt9\999 , Vorhersage: variabel, Werte: [1.], [1.], [1.], [1.], [1.], [1.], [1.]
Wörter: is in the unavailable state , Vorhersage: statisch, Werte: [-1.], [-1.], [-1.], [-1.], [-1.], [-1.], [-0.99999523], [-1.], [-0.9999997], [-1.]
Wörter: (hwid=9999), Vorhersage: variabel, Werte: [0.9998902], [0.99999934], [0.99998736], [1.], [0.9999793]

Log: unix.hw state_change.unavailable 9999999999 9 Component State Change: Component \999alt9\999 is in the unavailable state (HWID=9999)
[497  15 496   2 271  28 366  15 367   2 289   2  17   2 314   2 271   2
 366  18   2 314   2  26  62 597  17  26  62   2 216   2  66   2 129   2
 367   2 271   2   9 419  21  58  10   0   0   0   0   0   0   0   0   0
   0   0   0   0   0   0   0   0   0   0   0   0   0   0   0   0   0   0
   0   0   0   0   0   0   0   0   0   0   0   0   0   0   0   0   0   0
   0   0   0   0   0   0   0   0   0   0   0   0   0   0   0   0   0   0
   0   0   0   0   0   0   0   0   0   0   0   0   0   0   0   0   0   0
   0   0   0   0   0   0   0   0   0   0   0   0   0   0   0   0   0   0
   0   0   0   0   0   0   0   0   0   0   0   0   0   0   0   0   0   0
   0   0   0   0   0   0   0   0   0   0   0]
Wörter: unix.hw state_change.unavailable 9999999999 9 , Vorhersage: variabel, Werte: [0.9998988], [0.9998561], [0.9987549], [0.99861324], [0.98967546], [0.9999944], [0.9999985], [0.9999998], [1.], [0.99999964], [1.], [1.], [1.], [1.]
Wörter: component state change: component , Vorhersage: statisch, Werte: [-1.], [-1.], [-1.], [-1.], [-1.], [-1.], [-1.], [-1.], [-1.]
Wörter: \999alt9\999 , Vorhersage: variabel, Werte: [1.], [1.], [1.], [1.], [1.], [1.], [1.]
Wörter: is in the unavailable state , Vorhersage: statisch, Werte: [-1.], [-1.], [-1.], [-1.], [-1.], [-1.], [-0.99999547], [-1.], [-0.9999996], [-1.]
Wörter: (hwid=9999), Vorhersage: variabel, Werte: [0.9998864], [0.9999993], [0.9999868], [1.], [0.9999786]

Log: node-999 node status 9999999999 9 configured out
[  70   14   62    2   70    2  432    2  289    2   17    2 1425    2
  264    0    0    0    0    0    0    0    0    0    0    0    0    0
    0    0    0    0    0    0    0    0    0    0    0    0    0    0
    0    0    0    0    0    0    0    0    0    0    0    0    0    0
    0    0    0    0    0    0    0    0    0    0    0    0    0    0
    0    0    0    0    0    0    0    0    0    0    0    0    0    0
    0    0    0    0    0    0    0    0    0    0    0    0    0    0
    0    0    0    0    0    0    0    0    0    0    0    0    0    0
    0    0    0    0    0    0    0    0    0    0    0    0    0    0
    0    0    0    0    0    0    0    0    0    0    0    0    0    0
    0    0    0    0    0    0    0    0    0    0    0    0    0    0
    0    0    0    0    0    0    0    0    0    0    0    0    0    0
    0    0    0    0    0]
Wörter: node-999 node status 9999999999 9 , Vorhersage: variabel, Werte: [0.9999252], [0.9999678], [1.], [1.], [0.9921337], [0.9892916], [1.], [0.9999992], [1.], [0.9999997], [1.], [1.]
Wörter: configured out, Vorhersage: statisch, Werte: [-1.], [-1.], [-1.]

Log: My election bind port: 9.9.9.9/9.9.9.9:9999
[1145    2 1303    2 4134    2  816   18    2   17   15   17   15   17
   15   17   16   17   15   17   15   17   15   17   18   58    0    0
    0    0    0    0    0    0    0    0    0    0    0    0    0    0
    0    0    0    0    0    0    0    0    0    0    0    0    0    0
    0    0    0    0    0    0    0    0    0    0    0    0    0    0
    0    0    0    0    0    0    0    0    0    0    0    0    0    0
    0    0    0    0    0    0    0    0    0    0    0    0    0    0
    0    0    0    0    0    0    0    0    0    0    0    0    0    0
    0    0    0    0    0    0    0    0    0    0    0    0    0    0
    0    0    0    0    0    0    0    0    0    0    0    0    0    0
    0    0    0    0    0    0    0    0    0    0    0    0    0    0
    0    0    0    0    0    0    0    0    0    0    0    0    0    0
    0    0    0    0    0]
Wörter: my election bind port: , Vorhersage: statisch, Werte: [-0.9927127], [-0.998722], [-0.9999924], [-1.], [-0.99997175], [-0.99999964], [-0.99999875], [-1.], [-1.]
Wörter: 9.9.9.9/9.9.9.9:9999, Vorhersage: variabel, Werte: [1.], [1.], [1.], [1.], [1.], [1.], [1.], [1.], [1.], [1.], [1.], [1.], [1.], [1.], [1.], [1.], [1.]

Log: Closed socket connection for client /99.99.99.99:99999 which had sessionid 9x99f9a99999b999e
[390   2 387   2 316   2 127   2 266   2  16  57  15  57  15  57  15  57
  18  73   2 396   2 399   2 290   2  17  53  57  35  17  30  73  31  62
  34   0   0   0   0   0   0   0   0   0   0   0   0   0   0   0   0   0
   0   0   0   0   0   0   0   0   0   0   0   0   0   0   0   0   0   0
   0   0   0   0   0   0   0   0   0   0   0   0   0   0   0   0   0   0
   0   0   0   0   0   0   0   0   0   0   0   0   0   0   0   0   0   0
   0   0   0   0   0   0   0   0   0   0   0   0   0   0   0   0   0   0
   0   0   0   0   0   0   0   0   0   0   0   0   0   0   0   0   0   0
   0   0   0   0   0   0   0   0   0   0   0   0   0   0   0   0   0   0
   0   0   0   0   0   0   0   0   0   0   0]
Wörter: closed socket connection for client , Vorhersage: statisch, Werte: [-1.], [-1.], [-1.], [-1.], [-1.], [-1.], [-1.], [-1.], [-1.], [-1.]
Wörter: /99.99.99.99:99999 , Vorhersage: variabel, Werte: [1.], [1.], [1.], [1.], [1.], [1.], [1.], [1.], [1.], [1.], [1.]
Wörter: which had sessionid , Vorhersage: statisch, Werte: [-0.9999998], [-1.], [-1.], [-1.], [-1.], [-1.]
Wörter: 9x99f9a99999b999e, Vorhersage: variabel, Werte: [1.], [1.], [1.], [1.], [1.], [1.], [1.], [1.], [1.], [1.]

Log: caught end of stream exception
[1167    2  744    2  134    2 1310    2  614    0    0    0    0    0
    0    0    0    0    0    0    0    0    0    0    0    0    0    0
    0    0    0    0    0    0    0    0    0    0    0    0    0    0
    0    0    0    0    0    0    0    0    0    0    0    0    0    0
    0    0    0    0    0    0    0    0    0    0    0    0    0    0
    0    0    0    0    0    0    0    0    0    0    0    0    0    0
    0    0    0    0    0    0    0    0    0    0    0    0    0    0
    0    0    0    0    0    0    0    0    0    0    0    0    0    0
    0    0    0    0    0    0    0    0    0    0    0    0    0    0
    0    0    0    0    0    0    0    0    0    0    0    0    0    0
    0    0    0    0    0    0    0    0    0    0    0    0    0    0
    0    0    0    0    0    0    0    0    0    0    0    0    0    0
    0    0    0    0    0]
Wörter: caught end of stream exception, Vorhersage: statisch, Werte: [-0.9999751], [-0.99999726], [-0.99996096], [-0.9999958], [-1.], [-1.], [-1.], [-1.], [-1.]
Model: "sequential"
┏━━━━━━━━━━━━━━━━━━━━━━━━━━━━━━━━━━━━━━┳━━━━━━━━━━━━━━━━━━━━━━━━━━━━━┳━━━━━━━━━━━━━━━━━┓
┃ Layer (type)                         ┃ Output Shape                ┃         Param # ┃
┡━━━━━━━━━━━━━━━━━━━━━━━━━━━━━━━━━━━━━━╇━━━━━━━━━━━━━━━━━━━━━━━━━━━━━╇━━━━━━━━━━━━━━━━━┩
│ embedding (Embedding)                │ (None, 173, 64)             │         291,008 │
├──────────────────────────────────────┼─────────────────────────────┼─────────────────┤
│ bidirectional (Bidirectional)        │ (None, 173, 256)            │         148,992 │
├──────────────────────────────────────┼─────────────────────────────┼─────────────────┤
│ time_distributed (TimeDistributed)   │ (None, 173, 128)            │          32,896 │
├──────────────────────────────────────┼─────────────────────────────┼─────────────────┤
│ dropout (Dropout)                    │ (None, 173, 128)            │               0 │
├──────────────────────────────────────┼─────────────────────────────┼─────────────────┤
│ time_distributed_1 (TimeDistributed) │ (None, 173, 1)              │             129 │
└──────────────────────────────────────┴─────────────────────────────┴─────────────────┘
 Total params: 1,419,077 (5.41 MB)
 Trainable params: 473,025 (1.80 MB)
 Non-trainable params: 0 (0.00 B)
 Optimizer params: 946,052 (3.61 MB)

Training auf folgende Datei: Datensätze/Vorbereitete Daten/zookeeper_v1/2k/Zookeeper_2k_evaluate_content.txt
Total Trainings-Loss: [0.011228933930397034, 0.001548529020510614, 0.001071259961463511, 0.0008449736051261425, 0.0007853335700929165, 0.0005819429061375558, 0.00045268534449860454, 0.0004249340563546866, 0.00035354570718482137, 0.0003221900842618197]
Total Trainings-Accuracy: [0.9177722930908203, 0.9227277636528015, 0.9228529930114746, 0.9229655861854553, 0.9229898452758789, 0.9230336546897888, 0.9230675101280212, 0.9230740070343018, 0.9230976700782776, 0.9230993986129761]
Total Validierungs-Loss: [0.002150871092453599, 0.001243191072717309, 0.0009078439907170832, 0.0009861025027930737, 0.0009827713947743177, 0.000902117055375129, 0.0007515433244407177, 0.0009479311411269009, 0.0007417785818688571, 0.0008244617492891848]
Total Validierungs-Accuracy: [0.9264177680015564, 0.9263816475868225, 0.9264658093452454, 0.9265979528427124, 0.9264297485351562, 0.9265499114990234, 0.9266340136528015, 0.9266219735145569, 0.9265859127044678, 0.9265980124473572]
