Loss: 0.0040961322374641895, Accuracy: 0.9447784423828125

Log: 9 ddr errors(s) detected and corrected on rank 9, symbol 9, bit 9
[ 13   2 245   2 646   5  37   6   2 140   2 159   2 165   2 212   2 293
   2  13   9   2 299   2  13   9   2 483   2  13   0   0   0   0   0   0
   0   0   0   0   0   0   0   0   0   0   0   0   0   0   0   0   0   0
   0   0   0   0   0   0   0   0   0   0   0   0   0   0   0   0   0   0
   0   0   0   0   0   0   0   0   0   0   0   0   0   0   0   0   0   0
   0   0   0   0   0   0   0   0   0   0   0   0   0   0   0   0   0   0
   0   0   0   0   0   0   0   0   0   0   0   0   0   0   0   0   0   0
   0   0   0   0   0   0   0   0   0   0   0   0   0   0   0   0   0   0
   0   0   0   0   0   0   0   0   0   0   0   0   0   0]
Wörter: 9 , Vorhersage: variabel, Werte: [0.99811697], [0.98666686]
Wörter: ddr errors(s) detected and corrected on rank , Vorhersage: statisch, Werte: [-0.9971672], [-0.99962556], [-0.99294883], [-0.9792074], [-0.9999884], [-0.99994713], [-0.9999599], [-0.99963456], [-0.9998152], [-0.9999421], [-0.99984926], [-0.99478453], [-0.9819306], [-0.9996624], [-0.9994062], [-0.9938011], [-0.96547633]
Wörter: 9, , Vorhersage: variabel, Werte: [0.999794], [0.9981923], [0.968455]
Wörter: symbol , Vorhersage: statisch, Werte: [-0.9930207], [-0.9991359]
Wörter: 9, bit 9, Vorhersage: variabel, Werte: [0.9952688], [0.98747915], [0.74019086], [0.9204248], [0.73994035], [0.9996035]

Log: instruction cache parity error corrected
[442   2 539   2 602   2  94   2 165   0   0   0   0   0   0   0   0   0
   0   0   0   0   0   0   0   0   0   0   0   0   0   0   0   0   0   0
   0   0   0   0   0   0   0   0   0   0   0   0   0   0   0   0   0   0
   0   0   0   0   0   0   0   0   0   0   0   0   0   0   0   0   0   0
   0   0   0   0   0   0   0   0   0   0   0   0   0   0   0   0   0   0
   0   0   0   0   0   0   0   0   0   0   0   0   0   0   0   0   0   0
   0   0   0   0   0   0   0   0   0   0   0   0   0   0   0   0   0   0
   0   0   0   0   0   0   0   0   0   0   0   0   0   0   0   0   0   0
   0   0   0   0   0   0   0   0   0   0   0   0   0   0]
Wörter: instruction cache parity error corrected, Vorhersage: statisch, Werte: [-0.926053], [-0.9481003], [-0.9964836], [-0.99815893], [-0.9975884], [-0.99803126], [-0.982336], [-0.98326576], [-0.43145543]

Log: total of 99 ddr error(s) detected and corrected
[367   2 182   2  45   2 245   2  94   5  37   6   2 140   2 159   2 165
   0   0   0   0   0   0   0   0   0   0   0   0   0   0   0   0   0   0
   0   0   0   0   0   0   0   0   0   0   0   0   0   0   0   0   0   0
   0   0   0   0   0   0   0   0   0   0   0   0   0   0   0   0   0   0
   0   0   0   0   0   0   0   0   0   0   0   0   0   0   0   0   0   0
   0   0   0   0   0   0   0   0   0   0   0   0   0   0   0   0   0   0
   0   0   0   0   0   0   0   0   0   0   0   0   0   0   0   0   0   0
   0   0   0   0   0   0   0   0   0   0   0   0   0   0   0   0   0   0
   0   0   0   0   0   0   0   0   0   0   0   0   0   0]
Wörter: total of , Vorhersage: statisch, Werte: [-0.9925058], [-0.99295205], [-0.9998192], [-0.9998101]
Wörter: 99 , Vorhersage: variabel, Werte: [0.99866873], [0.9909669]
Wörter: ddr error(s) detected and corrected, Vorhersage: statisch, Werte: [-0.9979451], [-0.9997648], [-0.99874157], [-0.99618125], [-0.99999475], [-0.9999438], [-0.99993443], [-0.9987138], [-0.99907416], [-0.99926734], [-0.99564785], [-0.5479828]

Log: 99.999.9.9:99999 Served block blk_-99999999999999999 to /99.999.9.9
[  45   11   49   11   13   11   13   14   65    2  156  468    2  484
    2 1228   29   18   10  136   13    2  225    2   12   45   11   49
   11   13   11   13    0    0    0    0    0    0    0    0    0    0
    0    0    0    0    0    0    0    0    0    0    0    0    0    0
    0    0    0    0    0    0    0    0    0    0    0    0    0    0
    0    0    0    0    0    0    0    0    0    0    0    0    0    0
    0    0    0    0    0    0    0    0    0    0    0    0    0    0
    0    0    0    0    0    0    0    0    0    0    0    0    0    0
    0    0    0    0    0    0    0    0    0    0    0    0    0    0
    0    0    0    0    0    0    0    0    0    0    0    0    0    0
    0    0    0    0    0    0    0    0    0    0    0    0    0    0
    0    0    0    0]
Wörter: 99.999.9.9:99999 ser, Vorhersage: variabel, Werte: [0.9999895], [0.99994665], [0.99999964], [0.9999915], [1.], [0.9999783], [0.9999992], [0.99930847], [0.9999093], [0.999291], [0.7560971]
Wörter: ved block bl, Vorhersage: statisch, Werte: [-0.7975395], [-0.77056545], [-0.97833115], [-0.93891335], [-0.04190948]
Wörter: k_-99999999999999999 , Vorhersage: variabel, Werte: [0.93313104], [0.9435982], [0.9384858], [0.93226624], [0.9998832], [0.999018]
Wörter: to , Vorhersage: statisch, Werte: [-0.96102875], [-0.9726764]
Wörter: /99.999.9.9, Vorhersage: variabel, Werte: [0.99210453], [0.9999994], [0.99998987], [1.], [0.99998605], [0.99999946], [0.9998908], [0.99998605]

Log: BLOCK* NameSystem.allocateBlock: /mnt/hadoop/mapred/system/job_999999999999_9999/job.jar. blk_9999999999999999999
[ 484    7    2   32 1221 1395   31   11 1735  484   14    2   12   31
  137   12   26   95   33   33   34   12   60   73   67   12 1395   31
   12 1295   18   61   46   18   46   12 1295   11   28   47   11    2
 1228   29   18  136   49    0    0    0    0    0    0    0    0    0
    0    0    0    0    0    0    0    0    0    0    0    0    0    0
    0    0    0    0    0    0    0    0    0    0    0    0    0    0
    0    0    0    0    0    0    0    0    0    0    0    0    0    0
    0    0    0    0    0    0    0    0    0    0    0    0    0    0
    0    0    0    0    0    0    0    0    0    0    0    0    0    0
    0    0    0    0    0    0    0    0    0    0    0    0    0    0
    0    0    0    0    0    0    0    0    0    0    0    0    0    0
    0    0    0    0]
Wörter: block* name, Vorhersage: statisch, Werte: [-0.956989], [-0.9455144], [-0.86489], [-0.4417056], [-0.23910406]
Wörter: system.allocate, Vorhersage: variabel, Werte: [0.318605], [0.96504635], [0.9925448], [0.88205504]
Wörter: block: , Vorhersage: statisch, Werte: [-0.6476628], [-0.7842456], [-0.00613548]
Wörter: /mnt/hadoop/mapred/system/job_999999999999_9999/job.jar. blk_9999999999999999999, Vorhersage: variabel, Werte: [0.99551004], [0.99893194], [0.9983372], [0.99981505], [0.99806345], [0.9974583], [0.9867213], [0.96019846], [0.8771088], [0.99421716], [0.9747697], [0.96731365], [0.9884804], [0.99923414], [0.9966938], [0.99921834], [0.99995995], [0.9976164], [0.99707687], [0.99999666], [1.], [0.999988], [0.9999996], [0.9999977], [0.99637794], [0.9954328], [0.9997806], [0.99820834], [0.99713516], [0.99635965], [0.96426034], [0.98074317], [0.96911013], [0.94559205], [0.9997433]

Log: 99.999.99.999:99999 Starting thread to transfer block blk_-9999999999999999999 to 99.999.999.999:99999, 99.999.99.999:99999
[  45   11   49   11   45   11   49   14   65    2  536  360    2  215
  558    2  225    2  449   37 1273    2  484    2 1228   29   18   10
  136   49    2  225    2   45   11   49   11   49   11   49   14   65
    9    2   45   11   49   11   45   11   49   14   65    0    0    0
    0    0    0    0    0    0    0    0    0    0    0    0    0    0
    0    0    0    0    0    0    0    0    0    0    0    0    0    0
    0    0    0    0    0    0    0    0    0    0    0    0    0    0
    0    0    0    0    0    0    0    0    0    0    0    0    0    0
    0    0    0    0    0    0    0    0    0    0    0    0    0    0
    0    0    0    0    0    0    0    0    0    0    0    0    0    0
    0    0    0    0    0    0    0    0    0    0    0    0    0    0
    0    0    0    0]
Wörter: 99.999.99.999:99999 starting, Vorhersage: variabel, Werte: [0.9999905], [0.9999532], [1.], [0.9999943], [1.], [0.9999944], [0.9999996], [0.9997978], [0.9999702], [0.999759], [0.9369732], [0.06026543]
Wörter:  thread to transfer block bl, Vorhersage: statisch, Werte: [-0.34232444], [-0.8167643], [-0.91220057], [-0.92705303], [-0.9992072], [-0.99952793], [-0.9975832], [-0.999996], [-0.9999595], [-0.9999326], [-0.99950194], [-0.99784064], [-0.81401414]
Wörter: k_-9999999999999999999 , Vorhersage: variabel, Werte: [0.87142354], [0.92248416], [0.93413556], [0.9407347], [0.99991316], [0.99962366]
Wörter: to , Vorhersage: statisch, Werte: [-0.5645334], [-0.4676217]
Wörter: 99.999.999.999:99999, 99.999.99.999:99999, Vorhersage: variabel, Werte: [0.99999535], [0.9999583], [0.99999964], [0.9999893], [1.], [0.9999906], [1.], [0.99993455], [0.99999595], [0.9999747], [0.9999541], [1.], [0.99999636], [1.], [0.9999962], [1.], [0.9999953], [0.9999996], [0.9997115], [0.9998937]

Log: rs.sinajs.cn:99 open through proxy proxy.cse.cuhk.edu.hk:9999 HTTPS
[1322   11   37   53   19   28   37   11   21   32   14   45    2 1646
    2  215 1324   25   26    2 1410    2 1410   11   21  259   11   21
   39   26   29   11   67   39   11   26   29   14   46    2  853   38
   34   37    0    0    0    0    0    0    0    0    0    0    0    0
    0    0    0    0    0    0    0    0    0    0    0    0    0    0
    0    0    0    0    0    0    0    0    0    0    0    0    0    0
    0    0    0    0    0    0    0    0    0    0    0    0    0    0
    0    0    0    0    0    0    0    0    0    0    0    0    0    0
    0    0    0    0    0    0    0    0    0    0    0    0    0    0
    0    0    0    0    0    0    0    0    0    0    0    0    0    0
    0    0    0    0    0    0    0    0    0    0    0    0    0    0
    0    0    0    0]
Wörter: rs., Vorhersage: variabel, Werte: [0.117243], [0.75811976]
Wörter: sina, Vorhersage: statisch, Werte: [-0.99672544], [-0.9900951], [-0.98591906]
Wörter: j, Vorhersage: variabel, Werte: [0.87382185]
Wörter: s., Vorhersage: statisch, Werte: [-0.99237907], [-0.7277496]
Wörter: cn:99 open, Vorhersage: variabel, Werte: [0.9968103], [0.9654408], [0.59247965], [0.999961], [0.9989879], [0.3204203]
Wörter:  through, Vorhersage: statisch, Werte: [-0.7543808], [-0.8806412], [-0.8599346], [-0.17191814], [-0.21760362]
Wörter:  , Vorhersage: variabel, Werte: [0.10276009]
Wörter: proxy, Vorhersage: statisch, Werte: [-0.47293895]
Wörter:  proxy.cse.cuhk.edu.hk:9999 http, Vorhersage: variabel, Werte: [0.10259242], [0.637093], [0.97831994], [0.9999308], [0.9983166], [0.9989854], [0.99998546], [0.99998957], [0.99951386], [0.9985273], [0.998523], [0.9983018], [0.99992245], [0.9998091], [0.9973163], [0.99677694], [0.99001956], [0.99995023], [0.99971825], [0.94251466], [0.9855887], [0.51763684]
Wörter: s, Vorhersage: statisch, Werte: [-0.9984338]

Log: pic9.zhimg.com:999 close, 9999 bytes (9.99 KB) sent, 9999 bytes (9.99 KB) received, lifetime 99:99
[ 194   21   13   11   44   26  673   25   11  785   14   49    2 1689
    9    2   46    2  807   37    2    5   13   11   45    2  745    6
    2  795    9    2   46    2  807   37    2    5   13   11   45    2
  745    6    2  498    9    2  333  228  454    2   45   14   45    0
    0    0    0    0    0    0    0    0    0    0    0    0    0    0
    0    0    0    0    0    0    0    0    0    0    0    0    0    0
    0    0    0    0    0    0    0    0    0    0    0    0    0    0
    0    0    0    0    0    0    0    0    0    0    0    0    0    0
    0    0    0    0    0    0    0    0    0    0    0    0    0    0
    0    0    0    0    0    0    0    0    0    0    0    0    0    0
    0    0    0    0    0    0    0    0    0    0    0    0    0    0
    0    0    0    0]
Wörter: pic9.zhimg.com:999 , Vorhersage: variabel, Werte: [0.94279146], [0.9999112], [0.9999993], [0.99996746], [0.999949], [0.9982355], [0.98030686], [0.9861309], [0.9918426], [0.9717995], [0.9551249], [0.9999285], [0.9996043]
Wörter: close, , Vorhersage: statisch, Werte: [-0.81455475], [-0.8113913], [-0.9212146]
Wörter: 9999 , Vorhersage: variabel, Werte: [0.99858326], [0.98410153]
Wörter: bytes (, Vorhersage: statisch, Werte: [-0.99419934], [-0.9999982], [-0.99999], [-0.99496424]
Wörter: 9.99 kb, Vorhersage: variabel, Werte: [0.9974961], [0.99689925], [0.999997], [0.9996505], [0.8798949]
Wörter: ) sent, , Vorhersage: statisch, Werte: [-0.1958491], [-0.58025694], [-0.9920483], [-0.92561054], [-0.9028513]
Wörter: 9999 , Vorhersage: variabel, Werte: [0.9989426], [0.9896566]
Wörter: bytes (, Vorhersage: statisch, Werte: [-0.9932778], [-0.99999815], [-0.9999895], [-0.99502856]
Wörter: 9.99 kb, Vorhersage: variabel, Werte: [0.9973915], [0.99669236], [0.9999969], [0.9995977], [0.82881993]
Wörter: ) received, li, Vorhersage: statisch, Werte: [-0.41914347], [-0.70533264], [-0.99010515], [-0.7473185], [-0.5821047], [-0.24007727]
Wörter: fe, Vorhersage: variabel, Werte: [0.21055363]
Wörter: time , Vorhersage: statisch, Werte: [-0.92188734], [-0.67961603]
Wörter: 99:99, Vorhersage: variabel, Werte: [0.99998593], [0.9982886], [0.9999925]

Log: ping9.teamviewer.com:999 (IPv9) error : Could not connect through proxy proxy.cse.cuhk.edu.hk:9999 - Proxy server cannot establish a connection with the target, status code 999
[1314   13   11  178  395  220   23  589   11  785   14   49    2    5
  193   40   13    6    2   94    2   14    2   21  104   30   22    2
  117    2  940    2  215 1324   25   26    2 1410    2 1410   11   21
  259   11   21   39   26   29   11   67   39   11   26   29   14   46
    2   10    2 1410    2  703    2 1680    2   23  560   30  239   26
    2   19    2  981    2   41   27  215    2  251    2 1715    9    2
  609    2  438    2   49    0    0    0    0    0    0    0    0    0
    0    0    0    0    0    0    0    0    0    0    0    0    0    0
    0    0    0    0    0    0    0    0    0    0    0    0    0    0
    0    0    0    0    0    0    0    0    0    0    0    0    0    0
    0    0    0    0    0    0    0    0    0    0    0    0    0    0
    0    0    0    0]
Wörter: ping9.teamviewer.com:999 (ipv9) , Vorhersage: variabel, Werte: [0.7107198], [0.9998223], [0.99926853], [0.98762435], [0.94627875], [0.87969327], [0.99332875], [0.9755861], [0.98914504], [0.9671327], [0.9606215], [0.99995995], [0.99983895], [0.9981107], [0.99506056], [0.99487466], [0.99996835], [0.9982906], [0.99126494]
Wörter: error :, Vorhersage: statisch, Werte: [-0.49204877], [-0.6415036], [-0.53434527]
Wörter:  cou, Vorhersage: variabel, Werte: [0.40822756], [0.9997753], [0.98977685]
Wörter: ld not connect throu, Vorhersage: statisch, Werte: [-0.9952426], [-0.99643433], [-0.9991777], [-0.99994487], [-0.99987614], [-0.9967148], [-0.9937877], [-0.8796397], [-0.69207036]
Wörter: gh , Vorhersage: variabel, Werte: [0.32278377], [0.14638923], [0.3393316]
Wörter: proxy, Vorhersage: statisch, Werte: [-0.4010802]
Wörter:  proxy.cse.cuhk.edu.hk:9999 - , Vorhersage: variabel, Werte: [0.13774373], [0.6380765], [0.9781897], [0.9999303], [0.998306], [0.9989784], [0.9999853], [0.99998945], [0.9995019], [0.9984687], [0.99844164], [0.99815935], [0.9999132], [0.9997803], [0.9967379], [0.9957678], [0.98590964], [0.9999195], [0.9995493], [0.8504338], [0.50788474]
Wörter: proxy server cannot , Vorhersage: statisch, Werte: [-0.8912325], [-0.90369534], [-0.9940771], [-0.99370104], [-0.99512863], [-0.99381757]
Wörter: estab, Vorhersage: variabel, Werte: [0.88221407], [0.5467764]
Wörter: lish a connection with the target, Vorhersage: statisch, Werte: [-0.9990766], [-0.9999747], [-0.9999013], [-0.99986446], [-0.9966384], [-0.9936571], [-0.99773353], [-0.99792135], [-0.98843455], [-0.99887955], [-0.9985218], [-0.99880666], [-0.9981306], [-0.9954863], [-0.7835587]
Wörter: , status, Vorhersage: variabel, Werte: [0.7811765], [0.79566836], [0.30413866]
Wörter:  code , Vorhersage: statisch, Werte: [-0.40156484], [-0.8549671], [-0.8412562]
Wörter: 999, Vorhersage: variabel, Werte: [0.9990663]

Log: Component State Change: Component \999alt9\999 is in the unavailable state (HWID=9999)
[ 785  290  173  137    2  315    2   64  481   97   14    2  785  290
  173  137    2   49   87   38   13   49    2  239    2   53    2  251
    2 1198    2  315    2    5   26  878   15   46    6    0    0    0
    0    0    0    0    0    0    0    0    0    0    0    0    0    0
    0    0    0    0    0    0    0    0    0    0    0    0    0    0
    0    0    0    0    0    0    0    0    0    0    0    0    0    0
    0    0    0    0    0    0    0    0    0    0    0    0    0    0
    0    0    0    0    0    0    0    0    0    0    0    0    0    0
    0    0    0    0    0    0    0    0    0    0    0    0    0    0
    0    0    0    0    0    0    0    0    0    0    0    0    0    0
    0    0    0    0    0    0    0    0    0    0    0    0    0    0
    0    0    0    0]
Wörter: component state change:, Vorhersage: statisch, Werte: [-0.5249618], [-0.56829405], [-0.6252701], [-0.85589796], [-0.78780055], [-0.9685833], [-0.86658204], [-0.24924372], [-0.19420038], [-0.09579556], [-0.48655942]
Wörter:  component 999alt9999 , Vorhersage: variabel, Werte: [0.2540555], [0.6556484], [0.57250667], [0.64145964], [0.57265836], [0.9200007], [0.99998754], [0.99970925], [0.99994963], [0.9999994], [0.99999976], [0.9999378]
Wörter: is in the unavailable state , Vorhersage: statisch, Werte: [-0.98905885], [-0.9983702], [-0.99904454], [-0.99971694], [-0.99963003], [-0.9993657], [-0.9981587], [-0.9966266], [-0.9923436], [-0.9493367]
Wörter: (hwid=9999), Vorhersage: variabel, Werte: [0.9171291], [0.9494492], [0.9718456], [0.99896896], [0.9999691], [0.9974408]

Log: unix.hw state_change.unavailable 9999999999 9 Component State Change: Component \999alt9\999 is in the unavailable state (HWID=9999)
[1340   42   11 1284    2  315   18   64  481   97   11 1198    2  694
    2   13    2  785  290  173  137    2  315    2   64  481   97   14
    2  785  290  173  137    2   49   87   38   13   49    2  239    2
   53    2  251    2 1198    2  315    2    5   26  878   15   46    6
    0    0    0    0    0    0    0    0    0    0    0    0    0    0
    0    0    0    0    0    0    0    0    0    0    0    0    0    0
    0    0    0    0    0    0    0    0    0    0    0    0    0    0
    0    0    0    0    0    0    0    0    0    0    0    0    0    0
    0    0    0    0    0    0    0    0    0    0    0    0    0    0
    0    0    0    0    0    0    0    0    0    0    0    0    0    0
    0    0    0    0    0    0    0    0    0    0    0    0    0    0
    0    0    0    0]
Wörter: uni, Vorhersage: statisch, Werte: [-0.6039111]
Wörter: x.hw , Vorhersage: variabel, Werte: [0.99004173], [0.99232113], [0.92349494], [0.8724415]
Wörter: state_, Vorhersage: statisch, Werte: [-0.80832225], [-0.4634318]
Wörter: change., Vorhersage: variabel, Werte: [0.11742435], [0.28481668], [0.4425241], [0.8176228]
Wörter: unavailable , Vorhersage: statisch, Werte: [-0.47185642], [-0.06865029]
Wörter: 9999999999 9 com, Vorhersage: variabel, Werte: [0.9832131], [0.9877891], [0.9999828], [0.9994472], [0.43515024]
Wörter: ponent state change:, Vorhersage: statisch, Werte: [-0.89136755], [-0.95018727], [-0.9801208], [-0.9844603], [-0.9907629], [-0.9743996], [-0.6842136], [-0.5602373], [-0.40729457], [-0.66277814]
Wörter:  component 999alt9999 , Vorhersage: variabel, Werte: [0.03286541], [0.570255], [0.5004824], [0.5964566], [0.52704257], [0.9105999], [0.9999869], [0.9997017], [0.99994886], [0.99999934], [0.9999999], [0.99993736]
Wörter: is in the unavailable state , Vorhersage: statisch, Werte: [-0.9891781], [-0.9983868], [-0.9990514], [-0.9997188], [-0.99963194], [-0.9993683], [-0.9981637], [-0.99663574], [-0.9923552], [-0.9494391]
Wörter: (hwid=9999), Vorhersage: variabel, Werte: [0.9170564], [0.94942105], [0.971834], [0.9989686], [0.99996907], [0.9974404]

Log: node-999 node status 9999999999 9 configured out
[ 78  10  49   2  78   2 609   2 694   2  13   2 941 285  67   2 380   0
   0   0   0   0   0   0   0   0   0   0   0   0   0   0   0   0   0   0
   0   0   0   0   0   0   0   0   0   0   0   0   0   0   0   0   0   0
   0   0   0   0   0   0   0   0   0   0   0   0   0   0   0   0   0   0
   0   0   0   0   0   0   0   0   0   0   0   0   0   0   0   0   0   0
   0   0   0   0   0   0   0   0   0   0   0   0   0   0   0   0   0   0
   0   0   0   0   0   0   0   0   0   0   0   0   0   0   0   0   0   0
   0   0   0   0   0   0   0   0   0   0   0   0   0   0   0   0   0   0
   0   0   0   0   0   0   0   0   0   0   0   0   0   0]
Wörter: node-, Vorhersage: statisch, Werte: [-0.9938315], [-0.9754131]
Wörter: 999 , Vorhersage: variabel, Werte: [0.98901236], [0.97825867]
Wörter: node status , Vorhersage: statisch, Werte: [-0.99782825], [-0.99924415], [-0.99343485], [-0.9916293]
Wörter: 9999999999 9 , Vorhersage: variabel, Werte: [0.78273815], [0.8146605], [0.999957], [0.9985184]
Wörter: configured out, Vorhersage: statisch, Werte: [-0.05239976], [-0.9050108], [-0.74254125], [-0.7400084], [-0.9858403]

Log: My election bind port: 9.9.9.9/9.9.9.9:9999
[ 31  43   2 343  76 112   2 355  22   2 870  14   2  13  11  13  11  13
  11  13  12  13  11  13  11  13  11  13  14  46   0   0   0   0   0   0
   0   0   0   0   0   0   0   0   0   0   0   0   0   0   0   0   0   0
   0   0   0   0   0   0   0   0   0   0   0   0   0   0   0   0   0   0
   0   0   0   0   0   0   0   0   0   0   0   0   0   0   0   0   0   0
   0   0   0   0   0   0   0   0   0   0   0   0   0   0   0   0   0   0
   0   0   0   0   0   0   0   0   0   0   0   0   0   0   0   0   0   0
   0   0   0   0   0   0   0   0   0   0   0   0   0   0   0   0   0   0
   0   0   0   0   0   0   0   0   0   0   0   0   0   0]
Wörter: my election bind , Vorhersage: variabel, Werte: [0.95365125], [0.9990293], [0.99946564], [0.9852581], [0.9270601], [0.8117289], [0.9080045], [0.9587864], [0.9917453], [0.98569536]
Wörter: port:, Vorhersage: statisch, Werte: [-0.04117835], [-0.45782]
Wörter:  9.9.9.9/9.9.9.9:9999, Vorhersage: variabel, Werte: [0.7035126], [0.99999017], [0.99995023], [0.99999964], [0.9999767], [0.9999995], [0.9999663], [0.99999946], [0.9999963], [1.], [0.99998784], [0.99999976], [0.9999774], [0.9999995], [0.99995655], [0.9999985], [0.99846184], [0.9998401]

Log: Closed socket connection for client /99.99.99.99:99999 which had sessionid 9x99f9a99999b999e
[1244   37   67    2  613    2  981    2  157    2   21  333   23  137
    2   12   45   11   45   11   45   11   45   14   65    2   41   26
   27   64    2   26   95    2  259   74  112   85    2   13   42   45
   24   13   19   65   20   49   23    0    0    0    0    0    0    0
    0    0    0    0    0    0    0    0    0    0    0    0    0    0
    0    0    0    0    0    0    0    0    0    0    0    0    0    0
    0    0    0    0    0    0    0    0    0    0    0    0    0    0
    0    0    0    0    0    0    0    0    0    0    0    0    0    0
    0    0    0    0    0    0    0    0    0    0    0    0    0    0
    0    0    0    0    0    0    0    0    0    0    0    0    0    0
    0    0    0    0    0    0    0    0    0    0    0    0    0    0
    0    0    0    0]
Wörter: closed socket connection for , Vorhersage: statisch, Werte: [-0.9855276], [-0.99998003], [-0.9995488], [-0.9995857], [-0.9980517], [-0.9973321], [-0.9989468], [-0.9988475], [-0.99869424], [-0.9831243]
Wörter: client /99.99.99.99:99999 wh, Vorhersage: variabel, Werte: [0.9993621], [0.9947718], [0.99862427], [0.9645978], [0.97286147], [0.9994976], [1.], [0.9999963], [1.], [0.9999967], [1.], [0.9999935], [1.], [0.99984974], [0.99996734], [0.99970466], [0.8879403], [0.21775165]
Wörter: ich h, Vorhersage: statisch, Werte: [-0.97417927], [-0.981477], [-0.983325], [-0.8331119]
Wörter: ad , Vorhersage: variabel, Werte: [0.2589547], [0.42783204]
Wörter: sessionid , Vorhersage: statisch, Werte: [-0.02839602], [-0.27085236], [-0.5111841], [-0.96529937], [-0.5060676]
Wörter: 9x99f9a99999b999e, Vorhersage: variabel, Werte: [0.99997693], [0.9999989], [1.], [1.], [1.], [0.9999478], [0.9999964], [0.99999636], [1.], [0.9999841]

Log: caught end of stream exception
[219  39  25 853   2 846   2 182   2 521   2 308   0   0   0   0   0   0
   0   0   0   0   0   0   0   0   0   0   0   0   0   0   0   0   0   0
   0   0   0   0   0   0   0   0   0   0   0   0   0   0   0   0   0   0
   0   0   0   0   0   0   0   0   0   0   0   0   0   0   0   0   0   0
   0   0   0   0   0   0   0   0   0   0   0   0   0   0   0   0   0   0
   0   0   0   0   0   0   0   0   0   0   0   0   0   0   0   0   0   0
   0   0   0   0   0   0   0   0   0   0   0   0   0   0   0   0   0   0
   0   0   0   0   0   0   0   0   0   0   0   0   0   0   0   0   0   0
   0   0   0   0   0   0   0   0   0   0   0   0   0   0]
Wörter: caught end, Vorhersage: variabel, Werte: [0.55786675], [0.9928943], [0.991962], [0.94634944], [0.94057894], [0.2639266]
Wörter:  of stream exception, Vorhersage: statisch, Werte: [-0.18888758], [-0.9996818], [-0.99985975], [-0.998765], [-0.99774444], [-0.91324526]
Model: "sequential"
┏━━━━━━━━━━━━━━━━━━━━━━━━━━━━━━━━━━━━━━┳━━━━━━━━━━━━━━━━━━━━━━━━━━━━━┳━━━━━━━━━━━━━━━━━┓
┃ Layer (type)                         ┃ Output Shape                ┃         Param # ┃
┡━━━━━━━━━━━━━━━━━━━━━━━━━━━━━━━━━━━━━━╇━━━━━━━━━━━━━━━━━━━━━━━━━━━━━╇━━━━━━━━━━━━━━━━━┩
│ embedding (Embedding)                │ (None, 158, 64)             │         113,536 │
├──────────────────────────────────────┼─────────────────────────────┼─────────────────┤
│ bidirectional (Bidirectional)        │ (None, 158, 256)            │         148,992 │
├──────────────────────────────────────┼─────────────────────────────┼─────────────────┤
│ time_distributed (TimeDistributed)   │ (None, 158, 128)            │          32,896 │
├──────────────────────────────────────┼─────────────────────────────┼─────────────────┤
│ dropout (Dropout)                    │ (None, 158, 128)            │               0 │
├──────────────────────────────────────┼─────────────────────────────┼─────────────────┤
│ time_distributed_1 (TimeDistributed) │ (None, 158, 1)              │             129 │
└──────────────────────────────────────┴─────────────────────────────┴─────────────────┘
 Total params: 886,661 (3.38 MB)
 Trainable params: 295,553 (1.13 MB)
 Non-trainable params: 0 (0.00 B)
 Optimizer params: 591,108 (2.25 MB)

Training auf folgende Datei: Datensätze/Vorbereitete Daten/bgl_v1/2k/BGL_2k_evaluate_content.txt
Total Trainings-Loss: [0.07757101953029633, 0.01433522067964077, 0.008476080372929573, 0.0067678592167794704, 0.006096628028899431, 0.005296383518725634, 0.004725818056613207, 0.004218937363475561, 0.003305823542177677, 0.002602709224447608]
Total Trainings-Accuracy: [0.8894633650779724, 0.9302505254745483, 0.9324463605880737, 0.9329922199249268, 0.9332408308982849, 0.9335829615592957, 0.9337541460990906, 0.9338608384132385, 0.9339415431022644, 0.9340803623199463]
Total Validierungs-Loss: [0.011859366670250893, 0.004175195470452309, 0.0042442213743925095, 0.004156836308538914, 0.0034328587353229523, 0.00316922296769917, 0.0032899254001677036, 0.0030450921040028334, 0.004282865207642317, 0.004096131771802902]
Total Validierungs-Accuracy: [0.9397152066230774, 0.9443038105964661, 0.9446202516555786, 0.9446202516555786, 0.9447784423828125, 0.9449366331100464, 0.9447784423828125, 0.945094883441925, 0.9446202516555786, 0.9447784423828125]
