Loss: 0.0008479052921757102, Accuracy: 0.9245030283927917
[  17    2  517    2 1045    9   48   10    2  320    2  285    2  375
    2   87    2  645    2   17   13    2  637    2   17   13    2 1136
    2   17    0    0    0    0    0    0    0    0    0    0    0    0
    0    0    0    0    0    0    0    0    0    0    0    0    0    0
    0    0    0    0    0    0    0    0    0    0    0    0    0    0
    0    0    0    0    0    0    0    0    0    0    0    0    0    0
    0    0    0    0    0    0    0    0    0    0    0    0    0    0
    0    0    0    0    0    0    0    0    0    0    0    0    0    0
    0    0    0    0    0    0    0    0    0    0    0    0    0    0
    0    0    0    0    0    0    0    0    0    0    0    0    0    0
    0    0    0    0    0    0    0    0    0    0    0    0    0    0
    0    0    0    0    0    0    0    0    0    0    0    0    0    0
    0    0    0    0    0]
Wörter: 9 , Vorhersage: variabel, Werte: [0.9982558], [0.9981996]
Wörter: ddr errors(s) detected and corrected on rank , Vorhersage: statisch, Werte: [-1.], [-1.], [-0.9999977], [-0.9999878], [-0.9999964], [-0.9999749], [-0.9999403], [-0.9999994], [-0.99999946], [-1.], [-1.], [-0.99995285], [-0.9999201], [-1.], [-1.], [-0.99999964], [-1.]
Wörter: 9, , Vorhersage: variabel, Werte: [0.999956], [0.99944925], [0.9961272]
Wörter: symbol , Vorhersage: statisch, Werte: [-1.], [-1.]
Wörter: 9, , Vorhersage: variabel, Werte: [0.99999386], [0.99990505], [0.9960425]
Wörter: bit , Vorhersage: statisch, Werte: [-0.9348966], [-0.8093968]
Wörter: 9, Vorhersage: variabel, Werte: [0.99987626]
[ 541    2 1357    2 1025    2  233    2  375    0    0    0    0    0
    0    0    0    0    0    0    0    0    0    0    0    0    0    0
    0    0    0    0    0    0    0    0    0    0    0    0    0    0
    0    0    0    0    0    0    0    0    0    0    0    0    0    0
    0    0    0    0    0    0    0    0    0    0    0    0    0    0
    0    0    0    0    0    0    0    0    0    0    0    0    0    0
    0    0    0    0    0    0    0    0    0    0    0    0    0    0
    0    0    0    0    0    0    0    0    0    0    0    0    0    0
    0    0    0    0    0    0    0    0    0    0    0    0    0    0
    0    0    0    0    0    0    0    0    0    0    0    0    0    0
    0    0    0    0    0    0    0    0    0    0    0    0    0    0
    0    0    0    0    0    0    0    0    0    0    0    0    0    0
    0    0    0    0    0]
Wörter: instruction cache parity error corrected, Vorhersage: statisch, Werte: [-0.99999964], [-1.], [-1.], [-1.], [-1.], [-1.], [-1.], [-1.], [-1.]
[774   2 134   2  57   2 517   2 233   9  48  10   2 320   2 285   2 375
   0   0   0   0   0   0   0   0   0   0   0   0   0   0   0   0   0   0
   0   0   0   0   0   0   0   0   0   0   0   0   0   0   0   0   0   0
   0   0   0   0   0   0   0   0   0   0   0   0   0   0   0   0   0   0
   0   0   0   0   0   0   0   0   0   0   0   0   0   0   0   0   0   0
   0   0   0   0   0   0   0   0   0   0   0   0   0   0   0   0   0   0
   0   0   0   0   0   0   0   0   0   0   0   0   0   0   0   0   0   0
   0   0   0   0   0   0   0   0   0   0   0   0   0   0   0   0   0   0
   0   0   0   0   0   0   0   0   0   0   0   0   0   0   0   0   0   0
   0   0   0   0   0   0   0   0   0   0   0]
Wörter: total of , Vorhersage: statisch, Werte: [-0.99279433], [-0.9981216], [-0.96800923], [-0.9771027]
Wörter: 99 , Vorhersage: variabel, Werte: [0.9999795], [0.9999767]
Wörter: ddr error(s) detected and corrected, Vorhersage: statisch, Werte: [-0.99999946], [-1.], [-0.9999901], [-0.9999755], [-0.99999005], [-0.99986535], [-0.99960166], [-0.999997], [-0.99999726], [-1.], [-1.], [-0.9999326]
[ 57  15  61  15  17  15  17  18  67   2 260   2 132   2 143  28  14 338
   2  93   2  16  57  15  61  15  17  15  17   0   0   0   0   0   0   0
   0   0   0   0   0   0   0   0   0   0   0   0   0   0   0   0   0   0
   0   0   0   0   0   0   0   0   0   0   0   0   0   0   0   0   0   0
   0   0   0   0   0   0   0   0   0   0   0   0   0   0   0   0   0   0
   0   0   0   0   0   0   0   0   0   0   0   0   0   0   0   0   0   0
   0   0   0   0   0   0   0   0   0   0   0   0   0   0   0   0   0   0
   0   0   0   0   0   0   0   0   0   0   0   0   0   0   0   0   0   0
   0   0   0   0   0   0   0   0   0   0   0   0   0   0   0   0   0   0
   0   0   0   0   0   0   0   0   0   0   0]
Wörter: 99.999.9.9:99999 , Vorhersage: variabel, Werte: [1.], [1.], [1.], [1.], [1.], [1.], [1.], [1.], [1.], [1.]
Wörter: served block , Vorhersage: statisch, Werte: [-1.], [-1.], [-1.], [-1.]
Wörter: blk_-99999999999999999 , Vorhersage: variabel, Werte: [1.], [1.], [0.9999949], [0.9999923], [0.99999744]
Wörter: to , Vorhersage: statisch, Werte: [-0.9999996], [-1.]
Wörter: /99.999.9.9, Vorhersage: variabel, Werte: [0.9999988], [1.], [1.], [1.], [1.], [1.], [1.], [0.99999946]
[ 132   11    2  304   15  544   18    2   16  778   16  782   16 1392
   16  219   16  667   28  535   28   58   16  667   15 1383   15    2
  143   28  212    0    0    0    0    0    0    0    0    0    0    0
    0    0    0    0    0    0    0    0    0    0    0    0    0    0
    0    0    0    0    0    0    0    0    0    0    0    0    0    0
    0    0    0    0    0    0    0    0    0    0    0    0    0    0
    0    0    0    0    0    0    0    0    0    0    0    0    0    0
    0    0    0    0    0    0    0    0    0    0    0    0    0    0
    0    0    0    0    0    0    0    0    0    0    0    0    0    0
    0    0    0    0    0    0    0    0    0    0    0    0    0    0
    0    0    0    0    0    0    0    0    0    0    0    0    0    0
    0    0    0    0    0    0    0    0    0    0    0    0    0    0
    0    0    0    0    0]
Wörter: block* namesystem.allocateblock: , Vorhersage: statisch, Werte: [-0.9999988], [-1.], [-1.], [-0.9999995], [-1.], [-1.], [-1.], [-1.]
Wörter: /mnt/hadoop/mapred/system/job_999999999999_9999/job.jar. blk_9999999999999999999, Vorhersage: variabel, Werte: [0.9999692], [0.99999416], [0.9999966], [0.99999136], [0.9999989], [0.9999966], [0.9999995], [0.9999996], [1.], [0.9999958], [0.9999943], [0.99999917], [1.], [1.], [1.], [1.], [0.9999952], [0.9994706], [0.9725618], [0.9959767], [0.9999997], [1.], [0.99998885]
[ 57  15  61  15  57  15  61  18  67   2 339   2 348   2  93   2 350   2
 132   2 143  28  14 212   2  93   2  57  15  61  15  61  15  61  18  67
  13   2  57  15  61  15  57  15  61  18  67   0   0   0   0   0   0   0
   0   0   0   0   0   0   0   0   0   0   0   0   0   0   0   0   0   0
   0   0   0   0   0   0   0   0   0   0   0   0   0   0   0   0   0   0
   0   0   0   0   0   0   0   0   0   0   0   0   0   0   0   0   0   0
   0   0   0   0   0   0   0   0   0   0   0   0   0   0   0   0   0   0
   0   0   0   0   0   0   0   0   0   0   0   0   0   0   0   0   0   0
   0   0   0   0   0   0   0   0   0   0   0   0   0   0   0   0   0   0
   0   0   0   0   0   0   0   0   0   0   0]
Wörter: 99.999.99.999:99999 , Vorhersage: variabel, Werte: [1.], [1.], [1.], [1.], [1.], [1.], [1.], [1.], [1.], [0.9999997]
Wörter: starting thread to transfer block , Vorhersage: statisch, Werte: [-1.], [-1.], [-1.], [-1.], [-1.], [-1.], [-1.], [-1.], [-1.], [-1.]
Wörter: blk_-9999999999999999999 , Vorhersage: variabel, Werte: [1.], [1.], [0.99999416], [0.99994993], [0.9999856]
Wörter: to , Vorhersage: statisch, Werte: [-0.9999979], [-1.]
Wörter: 99.999.999.999:99999, 99.999.99.999:99999, Vorhersage: variabel, Werte: [1.], [1.], [1.], [1.], [1.], [1.], [1.], [1.], [1.], [1.], [1.], [1.], [1.], [1.], [1.], [1.], [1.], [1.], [1.], [1.]
[2685   15 1771   15  601   18   57    2  288    2  282    2  200    2
  200   15  264   15  265   15  256   15  197   18   58    2  299    0
    0    0    0    0    0    0    0    0    0    0    0    0    0    0
    0    0    0    0    0    0    0    0    0    0    0    0    0    0
    0    0    0    0    0    0    0    0    0    0    0    0    0    0
    0    0    0    0    0    0    0    0    0    0    0    0    0    0
    0    0    0    0    0    0    0    0    0    0    0    0    0    0
    0    0    0    0    0    0    0    0    0    0    0    0    0    0
    0    0    0    0    0    0    0    0    0    0    0    0    0    0
    0    0    0    0    0    0    0    0    0    0    0    0    0    0
    0    0    0    0    0    0    0    0    0    0    0    0    0    0
    0    0    0    0    0    0    0    0    0    0    0    0    0    0
    0    0    0    0    0]
Wörter: rs.sinajs.cn:99 , Vorhersage: variabel, Werte: [0.9985692], [0.9998886], [0.9999581], [0.9999957], [0.9999958], [0.9999653], [0.9999978], [0.99999505]
Wörter: open through proxy , Vorhersage: statisch, Werte: [-1.], [-1.], [-1.], [-1.], [-0.999964], [-0.9999738]
Wörter: proxy.cse.cuhk.edu.hk:9999 , Vorhersage: variabel, Werte: [0.9999921], [1.], [1.], [1.], [1.], [1.], [1.], [1.], [1.], [0.999579], [0.99984086], [0.99983096]
Wörter: https, Vorhersage: statisch, Werte: [-1.]
[1805   17   15 2522   15  192   18   61    2  248   13    2   58    2
  225    2    9   17   15   57    2  228   10    2  302   13    2   58
    2  225    2    9   17   15   57    2  228   10    2  229   13    2
  306    2   57   18   57    0    0    0    0    0    0    0    0    0
    0    0    0    0    0    0    0    0    0    0    0    0    0    0
    0    0    0    0    0    0    0    0    0    0    0    0    0    0
    0    0    0    0    0    0    0    0    0    0    0    0    0    0
    0    0    0    0    0    0    0    0    0    0    0    0    0    0
    0    0    0    0    0    0    0    0    0    0    0    0    0    0
    0    0    0    0    0    0    0    0    0    0    0    0    0    0
    0    0    0    0    0    0    0    0    0    0    0    0    0    0
    0    0    0    0    0    0    0    0    0    0    0    0    0    0
    0    0    0    0    0]
Wörter: pic9.zhimg.com:999 , Vorhersage: variabel, Werte: [0.9999986], [1.], [1.], [1.], [1.], [1.], [1.], [1.], [0.9999994]
Wörter: close, , Vorhersage: statisch, Werte: [-1.], [-1.], [-1.]
Wörter: 9999 , Vorhersage: variabel, Werte: [0.9999997], [1.]
Wörter: bytes , Vorhersage: statisch, Werte: [-1.], [-1.]
Wörter: (9.99 kb) , Vorhersage: variabel, Werte: [0.9978214], [1.], [1.], [1.], [1.], [0.99866265], [0.99974], [0.9999938]
Wörter: sent, , Vorhersage: statisch, Werte: [-1.], [-1.], [-1.]
Wörter: 9999 , Vorhersage: variabel, Werte: [1.], [1.]
Wörter: bytes , Vorhersage: statisch, Werte: [-1.], [-1.]
Wörter: (9.99 kb) , Vorhersage: variabel, Werte: [0.99823827], [1.], [1.], [1.], [1.], [0.99960726], [0.999963], [0.99999917]
Wörter: received, lifetime , Vorhersage: statisch, Werte: [-1.], [-1.], [-1.], [-1.], [-0.99999285]
Wörter: 99:99, Vorhersage: variabel, Werte: [1.], [1.], [0.9999995]
[1804   17   15 1700   15  192   18   61    2    9 2364   17   10    2
  233    2   18    2  533    2  110    2  312    2  282    2  200    2
  200   15  264   15  265   15  256   15  197   18   58    2   14    2
  200    2  524    2  807    2  406    2   30    2  347    2  386    2
  138    2  749   13    2  478    2  513    2   61    0    0    0    0
    0    0    0    0    0    0    0    0    0    0    0    0    0    0
    0    0    0    0    0    0    0    0    0    0    0    0    0    0
    0    0    0    0    0    0    0    0    0    0    0    0    0    0
    0    0    0    0    0    0    0    0    0    0    0    0    0    0
    0    0    0    0    0    0    0    0    0    0    0    0    0    0
    0    0    0    0    0    0    0    0    0    0    0    0    0    0
    0    0    0    0    0    0    0    0    0    0    0    0    0    0
    0    0    0    0    0]
Wörter: ping9.teamviewer.com:999 (ipv9) , Vorhersage: variabel, Werte: [1.], [1.], [1.], [1.], [1.], [1.], [1.], [1.], [1.], [0.5031963], [0.06620272], [0.9954932], [0.9976617], [0.9994707]
Wörter: error : could not connect through proxy , Vorhersage: statisch, Werte: [-0.99999946], [-1.], [-1.], [-1.], [-0.9999937], [-0.9999967], [-1.], [-1.], [-1.], [-1.], [-1.], [-1.], [-1.], [-1.]
Wörter: proxy.cse.cuhk.edu.hk:9999 , Vorhersage: variabel, Werte: [0.99993944], [0.99999726], [1.], [1.], [1.], [1.], [1.], [1.], [1.], [0.9999191], [0.9999942], [0.9999972]
Wörter: - proxy server cannot establish a connection with the target, status code , Vorhersage: statisch, Werte: [-1.], [-1.], [-1.], [-1.], [-1.], [-1.], [-1.], [-1.], [-1.], [-1.], [-1.], [-1.], [-1.], [-1.], [-1.], [-1.], [-1.], [-1.], [-1.], [-1.], [-1.], [-0.9999995], [-1.], [-0.9999969], [-0.9999638]
Wörter: 999, Vorhersage: variabel, Werte: [0.9988696]
[353   2 292   2 409  18   2 353   2  26  61 655  17  26  61   2 210   2
  66   2 138   2 411   2 292   2   9 466  21  58  10   0   0   0   0   0
   0   0   0   0   0   0   0   0   0   0   0   0   0   0   0   0   0   0
   0   0   0   0   0   0   0   0   0   0   0   0   0   0   0   0   0   0
   0   0   0   0   0   0   0   0   0   0   0   0   0   0   0   0   0   0
   0   0   0   0   0   0   0   0   0   0   0   0   0   0   0   0   0   0
   0   0   0   0   0   0   0   0   0   0   0   0   0   0   0   0   0   0
   0   0   0   0   0   0   0   0   0   0   0   0   0   0   0   0   0   0
   0   0   0   0   0   0   0   0   0   0   0   0   0   0   0   0   0   0
   0   0   0   0   0   0   0   0   0   0   0]
Wörter: component state change: component , Vorhersage: statisch, Werte: [-0.99999946], [-1.], [-0.99999905], [-1.], [-0.9999993], [-1.], [-1.], [-0.9999996], [-1.]
Wörter: \999alt9\999 , Vorhersage: variabel, Werte: [0.99999905], [1.], [0.99999964], [1.], [0.9999995], [1.], [0.9999978]
Wörter: is in the unavailable state , Vorhersage: statisch, Werte: [-1.], [-1.], [-1.], [-1.], [-1.], [-1.], [-0.9999927], [-1.], [-0.99998486], [-0.9999998]
Wörter: (hwid=9999), Vorhersage: variabel, Werte: [0.99959004], [0.9999964], [0.9999826], [0.9999985], [0.99901307]
[546  15 545   2 292  28 409  15 411   2 311   2  17   2 353   2 292   2
 409  18   2 353   2  26  61 655  17  26  61   2 210   2  66   2 138   2
 411   2 292   2   9 466  21  58  10   0   0   0   0   0   0   0   0   0
   0   0   0   0   0   0   0   0   0   0   0   0   0   0   0   0   0   0
   0   0   0   0   0   0   0   0   0   0   0   0   0   0   0   0   0   0
   0   0   0   0   0   0   0   0   0   0   0   0   0   0   0   0   0   0
   0   0   0   0   0   0   0   0   0   0   0   0   0   0   0   0   0   0
   0   0   0   0   0   0   0   0   0   0   0   0   0   0   0   0   0   0
   0   0   0   0   0   0   0   0   0   0   0   0   0   0   0   0   0   0
   0   0   0   0   0   0   0   0   0   0   0]
Wörter: unix.hw state_change.unavailable 9999999999 9 , Vorhersage: variabel, Werte: [0.9999948], [0.99999595], [0.99997836], [0.9999895], [0.9991391], [0.99999255], [0.9999512], [0.99999106], [1.], [1.], [0.99990463], [0.99996626], [0.9999912], [0.9999936]
Wörter: component state change: component , Vorhersage: statisch, Werte: [-1.], [-1.], [-1.], [-1.], [-0.99999326], [-0.9999997], [-1.], [-1.], [-1.]
Wörter: \999alt9\999 , Vorhersage: variabel, Werte: [0.9999987], [1.], [0.9999998], [1.], [0.9999996], [1.], [0.99999785]
Wörter: is in the unavailable state , Vorhersage: statisch, Werte: [-1.], [-1.], [-1.], [-1.], [-1.], [-1.], [-0.9999926], [-1.], [-0.9999849], [-0.99999964]
Wörter: (hwid=9999), Vorhersage: variabel, Werte: [0.9995904], [0.9999965], [0.9999827], [0.9999985], [0.99901384]
[  72   14   61    2   72    2  478    2  311    2   17    2 1525    2
  286    0    0    0    0    0    0    0    0    0    0    0    0    0
    0    0    0    0    0    0    0    0    0    0    0    0    0    0
    0    0    0    0    0    0    0    0    0    0    0    0    0    0
    0    0    0    0    0    0    0    0    0    0    0    0    0    0
    0    0    0    0    0    0    0    0    0    0    0    0    0    0
    0    0    0    0    0    0    0    0    0    0    0    0    0    0
    0    0    0    0    0    0    0    0    0    0    0    0    0    0
    0    0    0    0    0    0    0    0    0    0    0    0    0    0
    0    0    0    0    0    0    0    0    0    0    0    0    0    0
    0    0    0    0    0    0    0    0    0    0    0    0    0    0
    0    0    0    0    0    0    0    0    0    0    0    0    0    0
    0    0    0    0    0]
Wörter: node-999 node status 9999999999 9 , Vorhersage: variabel, Werte: [0.99994344], [0.9999498], [0.99999917], [0.9999971], [0.99901766], [0.9976571], [0.9999992], [0.9999992], [0.99998647], [0.9999664], [0.99999845], [0.9999984]
Wörter: configured out, Vorhersage: statisch, Werte: [-1.], [-1.], [-1.]
[1215    2 1370    2 4302    2  882   18    2   17   15   17   15   17
   15   17   16   17   15   17   15   17   15   17   18   58    0    0
    0    0    0    0    0    0    0    0    0    0    0    0    0    0
    0    0    0    0    0    0    0    0    0    0    0    0    0    0
    0    0    0    0    0    0    0    0    0    0    0    0    0    0
    0    0    0    0    0    0    0    0    0    0    0    0    0    0
    0    0    0    0    0    0    0    0    0    0    0    0    0    0
    0    0    0    0    0    0    0    0    0    0    0    0    0    0
    0    0    0    0    0    0    0    0    0    0    0    0    0    0
    0    0    0    0    0    0    0    0    0    0    0    0    0    0
    0    0    0    0    0    0    0    0    0    0    0    0    0    0
    0    0    0    0    0    0    0    0    0    0    0    0    0    0
    0    0    0    0    0]
Wörter: my election bind port: , Vorhersage: statisch, Werte: [-0.9982831], [-0.9966422], [-1.], [-1.], [-0.9999936], [-1.], [-1.], [-1.], [-1.]
Wörter: 9.9.9.9/9.9.9.9:9999, Vorhersage: variabel, Werte: [1.], [1.], [1.], [1.], [1.], [1.], [1.], [1.], [1.], [1.], [1.], [1.], [1.], [1.], [1.], [1.], [0.99999976]
[428   2 429   2 347   2 130   2 291   2  16  57  15  57  15  57  15  57
  18  67   2 444   2 447   2 313   2  17  53  57  35  17  30  67  31  61
  34   0   0   0   0   0   0   0   0   0   0   0   0   0   0   0   0   0
   0   0   0   0   0   0   0   0   0   0   0   0   0   0   0   0   0   0
   0   0   0   0   0   0   0   0   0   0   0   0   0   0   0   0   0   0
   0   0   0   0   0   0   0   0   0   0   0   0   0   0   0   0   0   0
   0   0   0   0   0   0   0   0   0   0   0   0   0   0   0   0   0   0
   0   0   0   0   0   0   0   0   0   0   0   0   0   0   0   0   0   0
   0   0   0   0   0   0   0   0   0   0   0   0   0   0   0   0   0   0
   0   0   0   0   0   0   0   0   0   0   0]
Wörter: closed socket connection for client , Vorhersage: statisch, Werte: [-1.], [-1.], [-1.], [-1.], [-1.], [-1.], [-1.], [-1.], [-0.9999998], [-1.]
Wörter: /99.99.99.99:99999 , Vorhersage: variabel, Werte: [1.], [1.], [1.], [1.], [1.], [1.], [1.], [1.], [1.], [0.999997], [0.9999953]
Wörter: which had sessionid , Vorhersage: statisch, Werte: [-1.], [-1.], [-1.], [-1.], [-0.99996036], [-0.9999938]
Wörter: 9x99f9a99999b999e, Vorhersage: variabel, Werte: [1.], [1.], [1.], [1.], [1.], [1.], [1.], [1.], [1.], [1.]
[1271    2  834    2  134    2 1033    2  489    0    0    0    0    0
    0    0    0    0    0    0    0    0    0    0    0    0    0    0
    0    0    0    0    0    0    0    0    0    0    0    0    0    0
    0    0    0    0    0    0    0    0    0    0    0    0    0    0
    0    0    0    0    0    0    0    0    0    0    0    0    0    0
    0    0    0    0    0    0    0    0    0    0    0    0    0    0
    0    0    0    0    0    0    0    0    0    0    0    0    0    0
    0    0    0    0    0    0    0    0    0    0    0    0    0    0
    0    0    0    0    0    0    0    0    0    0    0    0    0    0
    0    0    0    0    0    0    0    0    0    0    0    0    0    0
    0    0    0    0    0    0    0    0    0    0    0    0    0    0
    0    0    0    0    0    0    0    0    0    0    0    0    0    0
    0    0    0    0    0]
Wörter: caught end of stream exception, Vorhersage: statisch, Werte: [-0.9971954], [-0.9996513], [-0.99989927], [-0.9999972], [-0.99927855], [-0.99999774], [-0.99721885], [-0.99993813], [-0.9999861]
Model: "sequential"
┏━━━━━━━━━━━━━━━━━━━━━━━━━━━━━━━━━━━━━━┳━━━━━━━━━━━━━━━━━━━━━━━━━━━━━┳━━━━━━━━━━━━━━━━━┓
┃ Layer (type)                         ┃ Output Shape                ┃         Param # ┃
┡━━━━━━━━━━━━━━━━━━━━━━━━━━━━━━━━━━━━━━╇━━━━━━━━━━━━━━━━━━━━━━━━━━━━━╇━━━━━━━━━━━━━━━━━┩
│ embedding (Embedding)                │ (None, 173, 64)             │         300,800 │
├──────────────────────────────────────┼─────────────────────────────┼─────────────────┤
│ bidirectional (Bidirectional)        │ (None, 173, 256)            │         148,992 │
├──────────────────────────────────────┼─────────────────────────────┼─────────────────┤
│ time_distributed (TimeDistributed)   │ (None, 173, 128)            │          32,896 │
├──────────────────────────────────────┼─────────────────────────────┼─────────────────┤
│ dropout (Dropout)                    │ (None, 173, 128)            │               0 │
├──────────────────────────────────────┼─────────────────────────────┼─────────────────┤
│ time_distributed_1 (TimeDistributed) │ (None, 173, 1)              │             129 │
└──────────────────────────────────────┴─────────────────────────────┴─────────────────┘
 Total params: 1,448,453 (5.53 MB)
 Trainable params: 482,817 (1.84 MB)
 Non-trainable params: 0 (0.00 B)
 Optimizer params: 965,636 (3.68 MB)

Training auf folgende Datei: Datensätze/Vorbereitete Daten/zookeeper_v1/unique_data/content_list_zookeeper.txt
Total Trainings-Loss: [0.012700187973678112, 0.0018178850878030062, 0.0011850710725411773, 0.0008860966190695763, 0.0006788497557863593, 0.000480190064990893, 0.00039461179403588176, 0.00036186561919748783, 0.0002810710284393281, 0.0003026479680556804]
Total Trainings-Accuracy: [0.9183315634727478, 0.9240058064460754, 0.9241142868995667, 0.9242013096809387, 0.9242534041404724, 0.9243156313896179, 0.9243534803390503, 0.9243593811988831, 0.9243840575218201, 0.9243776798248291]
Total Validierungs-Loss: [0.0024619263131171465, 0.0013762114103883505, 0.001135737751610577, 0.0009052028763107955, 0.001192755764350295, 0.000670573441311717, 0.0006130055407993495, 0.0006414323579519987, 0.000540686771273613, 0.0008478843956254423]
Total Validierungs-Accuracy: [0.923931360244751, 0.9243320822715759, 0.9245170950889587, 0.9244360327720642, 0.9242826104164124, 0.92453533411026, 0.9245699644088745, 0.9245224595069885, 0.9245796203613281, 0.9245029091835022]
