Loss: 0.0008734295261092484, Accuracy: 0.9998461008071899

Log: 9 ddr errors(s) detected and corrected on rank 9, symbol 9, bit 9
[  17    2  471    2  953    9   45   10    2  301    2  274    2  348
    2  100    2  589    2   17   13    2  588    2   17   13    2 1108
    2   17    0    0    0    0    0    0    0    0    0    0    0    0
    0    0    0    0    0    0    0    0    0    0    0    0    0    0
    0    0    0    0    0    0    0    0    0    0    0    0    0    0
    0    0    0    0    0    0    0    0    0    0    0    0    0    0
    0    0    0    0    0    0    0    0    0    0    0    0    0    0
    0    0    0    0    0    0    0    0    0    0    0    0    0    0
    0    0    0    0    0    0    0    0    0    0    0    0    0    0
    0    0    0    0    0    0    0    0    0    0    0    0    0    0
    0    0    0    0    0    0    0    0    0    0    0    0    0    0
    0    0    0    0    0    0    0    0    0    0    0    0    0    0
    0    0    0    0    0]
Wörter: 9 , Vorhersage: variabel, Werte: [0.99869436], [0.99946994]
Wörter: ddr errors(s) detected and corrected on rank , Vorhersage: statisch, Werte: [3.433353e-08], [3.9478536e-09], [1.026134e-05], [5.7373203e-05], [1.1231381e-06], [1.454739e-07], [3.4318914e-09], [8.980852e-08], [3.1940095e-09], [8.213733e-09], [1.4951993e-08], [5.9861715e-05], [0.0002601], [5.2273648e-05], [0.00010118], [0.00014662], [0.00035868]
Wörter: 9, , Vorhersage: variabel, Werte: [0.99999905], [0.9999995], [0.9999956]
Wörter: symbol , Vorhersage: statisch, Werte: [1.8495379e-05], [5.2969757e-05]
Wörter: 9, bit 9, Vorhersage: variabel, Werte: [0.99999964], [0.9999999], [0.9999988], [0.98862576], [0.99964976], [0.9999789]

Log: instruction cache parity error corrected
[ 494    2 1354    2  990    2  224    2  348    0    0    0    0    0
    0    0    0    0    0    0    0    0    0    0    0    0    0    0
    0    0    0    0    0    0    0    0    0    0    0    0    0    0
    0    0    0    0    0    0    0    0    0    0    0    0    0    0
    0    0    0    0    0    0    0    0    0    0    0    0    0    0
    0    0    0    0    0    0    0    0    0    0    0    0    0    0
    0    0    0    0    0    0    0    0    0    0    0    0    0    0
    0    0    0    0    0    0    0    0    0    0    0    0    0    0
    0    0    0    0    0    0    0    0    0    0    0    0    0    0
    0    0    0    0    0    0    0    0    0    0    0    0    0    0
    0    0    0    0    0    0    0    0    0    0    0    0    0    0
    0    0    0    0    0    0    0    0    0    0    0    0    0    0
    0    0    0    0    0]
Wörter: instruction cache parity error corrected, Vorhersage: statisch, Werte: [0.00623468], [0.00338442], [1.5168617e-05], [3.0729773e-06], [0.0014657], [0.00033817], [0.00305866], [0.00068051], [0.00075725]

Log: total of 99 ddr error(s) detected and corrected
[687   2 134   2  54   2 471   2 224   9  45  10   2 301   2 274   2 348
   0   0   0   0   0   0   0   0   0   0   0   0   0   0   0   0   0   0
   0   0   0   0   0   0   0   0   0   0   0   0   0   0   0   0   0   0
   0   0   0   0   0   0   0   0   0   0   0   0   0   0   0   0   0   0
   0   0   0   0   0   0   0   0   0   0   0   0   0   0   0   0   0   0
   0   0   0   0   0   0   0   0   0   0   0   0   0   0   0   0   0   0
   0   0   0   0   0   0   0   0   0   0   0   0   0   0   0   0   0   0
   0   0   0   0   0   0   0   0   0   0   0   0   0   0   0   0   0   0
   0   0   0   0   0   0   0   0   0   0   0   0   0   0   0   0   0   0
   0   0   0   0   0   0   0   0   0   0   0]
Wörter: total of , Vorhersage: statisch, Werte: [1.484243e-05], [5.63219e-06], [2.5496829e-05], [1.5440344e-05]
Wörter: 99 , Vorhersage: variabel, Werte: [0.9999999], [1.]
Wörter: ddr error(s) detected and corrected, Vorhersage: statisch, Werte: [4.390582e-11], [2.9196416e-11], [2.4547995e-05], [0.00033924], [3.113729e-05], [1.5534442e-05], [9.493613e-07], [7.481241e-05], [2.8105908e-06], [9.48455e-06], [1.1389777e-05], [0.01073303]

Log: 99.999.9.9:99999 Served block blk_-99999999999999999 to /99.999.9.9
[ 54  15  58  15  17  15  17  18  65   2 247   2 126   2 139  25  14 321
   2  87   2  16  54  15  58  15  17  15  17   0   0   0   0   0   0   0
   0   0   0   0   0   0   0   0   0   0   0   0   0   0   0   0   0   0
   0   0   0   0   0   0   0   0   0   0   0   0   0   0   0   0   0   0
   0   0   0   0   0   0   0   0   0   0   0   0   0   0   0   0   0   0
   0   0   0   0   0   0   0   0   0   0   0   0   0   0   0   0   0   0
   0   0   0   0   0   0   0   0   0   0   0   0   0   0   0   0   0   0
   0   0   0   0   0   0   0   0   0   0   0   0   0   0   0   0   0   0
   0   0   0   0   0   0   0   0   0   0   0   0   0   0   0   0   0   0
   0   0   0   0   0   0   0   0   0   0   0]
Wörter: 99.999.9.9:99999 , Vorhersage: variabel, Werte: [1.], [1.], [1.], [1.], [1.], [1.], [1.], [1.], [1.], [1.]
Wörter: served block , Vorhersage: statisch, Werte: [9.270845e-05], [2.2805018e-06], [4.697159e-07], [1.0008632e-06]
Wörter: blk_-99999999999999999 , Vorhersage: variabel, Werte: [1.], [1.], [1.], [1.], [1.]
Wörter: to , Vorhersage: statisch, Werte: [3.7422813e-06], [2.1792768e-05]
Wörter: /99.999.9.9, Vorhersage: variabel, Werte: [0.99999917], [1.], [1.], [1.], [1.], [1.], [1.], [1.]

Log: BLOCK* NameSystem.allocateBlock: /mnt/hadoop/mapred/system/job_999999999999_9999/job.jar. blk_9999999999999999999
[ 126   11    2  293   15  518   18    2   16  731   16  737   16 1417
   16  213   16  657   25  517   25   55   16  657   15 2047   15    2
  139   25  209    0    0    0    0    0    0    0    0    0    0    0
    0    0    0    0    0    0    0    0    0    0    0    0    0    0
    0    0    0    0    0    0    0    0    0    0    0    0    0    0
    0    0    0    0    0    0    0    0    0    0    0    0    0    0
    0    0    0    0    0    0    0    0    0    0    0    0    0    0
    0    0    0    0    0    0    0    0    0    0    0    0    0    0
    0    0    0    0    0    0    0    0    0    0    0    0    0    0
    0    0    0    0    0    0    0    0    0    0    0    0    0    0
    0    0    0    0    0    0    0    0    0    0    0    0    0    0
    0    0    0    0    0    0    0    0    0    0    0    0    0    0
    0    0    0    0    0]
Wörter: block* namesystem.allocateblock: , Vorhersage: statisch, Werte: [0.00182926], [0.00050087], [0.00112232], [0.00200197], [0.0001582], [5.50355e-07], [6.4847546e-07], [3.836639e-06]
Wörter: /mnt/hadoop/mapred/system/job_999999999999_9999/job.jar. blk_9999999999999999999, Vorhersage: variabel, Werte: [0.99999976], [0.9999999], [1.], [1.], [1.], [1.], [1.], [1.], [1.], [1.], [1.], [1.], [1.], [1.], [1.], [1.], [1.], [0.9999994], [0.9999491], [0.9999927], [1.], [1.], [0.9999999]

Log: 99.999.99.999:99999 Starting thread to transfer block blk_-9999999999999999999 to 99.999.999.999:99999, 99.999.99.999:99999
[ 54  15  58  15  54  15  58  18  65   2 319   2 324   2  87   2 325   2
 126   2 139  25  14 209   2  87   2  54  15  58  15  58  15  58  18  65
  13   2  54  15  58  15  54  15  58  18  65   0   0   0   0   0   0   0
   0   0   0   0   0   0   0   0   0   0   0   0   0   0   0   0   0   0
   0   0   0   0   0   0   0   0   0   0   0   0   0   0   0   0   0   0
   0   0   0   0   0   0   0   0   0   0   0   0   0   0   0   0   0   0
   0   0   0   0   0   0   0   0   0   0   0   0   0   0   0   0   0   0
   0   0   0   0   0   0   0   0   0   0   0   0   0   0   0   0   0   0
   0   0   0   0   0   0   0   0   0   0   0   0   0   0   0   0   0   0
   0   0   0   0   0   0   0   0   0   0   0]
Wörter: 99.999.99.999:99999 , Vorhersage: variabel, Werte: [1.], [1.], [1.], [1.], [1.], [1.], [1.], [1.], [0.9999994], [0.99999857]
Wörter: starting thread to transfer block , Vorhersage: statisch, Werte: [7.4406996e-09], [5.699791e-10], [4.721698e-10], [2.046728e-10], [1.3161726e-07], [8.7255174e-08], [2.0988247e-10], [2.2355427e-10], [8.67165e-11], [3.1840037e-09]
Wörter: blk_-9999999999999999999 , Vorhersage: variabel, Werte: [1.], [1.], [1.], [1.], [1.]
Wörter: to , Vorhersage: statisch, Werte: [3.692504e-06], [1.25254555e-05]
Wörter: 99.999.999.999:99999, 99.999.99.999:99999, Vorhersage: variabel, Werte: [1.], [1.], [1.], [1.], [1.], [1.], [1.], [1.], [1.], [1.], [1.], [1.], [1.], [1.], [1.], [1.], [1.], [1.], [1.], [0.9999999]

Log: rs.sinajs.cn:99 open through proxy proxy.cse.cuhk.edu.hk:9999 HTTPS
[3120   15 1536   15  547   18   54    2  267    2  264    2  193    2
  193   15  246   15  248   15  235   15  188   18   55    2  277    0
    0    0    0    0    0    0    0    0    0    0    0    0    0    0
    0    0    0    0    0    0    0    0    0    0    0    0    0    0
    0    0    0    0    0    0    0    0    0    0    0    0    0    0
    0    0    0    0    0    0    0    0    0    0    0    0    0    0
    0    0    0    0    0    0    0    0    0    0    0    0    0    0
    0    0    0    0    0    0    0    0    0    0    0    0    0    0
    0    0    0    0    0    0    0    0    0    0    0    0    0    0
    0    0    0    0    0    0    0    0    0    0    0    0    0    0
    0    0    0    0    0    0    0    0    0    0    0    0    0    0
    0    0    0    0    0    0    0    0    0    0    0    0    0    0
    0    0    0    0    0]
Wörter: rs.sinajs.cn:99 , Vorhersage: variabel, Werte: [0.99998355], [0.99999595], [0.9999987], [0.9999994], [0.99999917], [0.9999989], [1.], [0.9999999]
Wörter: open through proxy , Vorhersage: statisch, Werte: [4.840211e-06], [4.781322e-07], [1.9504265e-09], [1.0723025e-09], [5.228859e-06], [0.00012409]
Wörter: proxy.cse.cuhk.edu.hk:9999 , Vorhersage: variabel, Werte: [1.], [1.], [1.], [1.], [1.], [1.], [1.], [1.], [1.], [1.], [0.9999999], [1.]
Wörter: https, Vorhersage: statisch, Werte: [8.255723e-11]

Log: pic9.zhimg.com:999 close, 9999 bytes (9.99 KB) sent, 9999 bytes (9.99 KB) received, lifetime 99:99
[1574   17   15 2079   15  187   18   58    2  282   13    2   55    2
  217    2    9   17   15   54    2  219   10    2  285   13    2   55
    2  217    2    9   17   15   54    2  219   10    2  220   13    2
  288    2   54   18   54    0    0    0    0    0    0    0    0    0
    0    0    0    0    0    0    0    0    0    0    0    0    0    0
    0    0    0    0    0    0    0    0    0    0    0    0    0    0
    0    0    0    0    0    0    0    0    0    0    0    0    0    0
    0    0    0    0    0    0    0    0    0    0    0    0    0    0
    0    0    0    0    0    0    0    0    0    0    0    0    0    0
    0    0    0    0    0    0    0    0    0    0    0    0    0    0
    0    0    0    0    0    0    0    0    0    0    0    0    0    0
    0    0    0    0    0    0    0    0    0    0    0    0    0    0
    0    0    0    0    0]
Wörter: pic9.zhimg.com:999 , Vorhersage: variabel, Werte: [0.99999905], [1.], [1.], [1.], [1.], [1.], [1.], [1.], [1.]
Wörter: close, , Vorhersage: statisch, Werte: [3.4114578e-06], [1.6011502e-07], [7.446297e-08]
Wörter: 9999 , Vorhersage: variabel, Werte: [1.], [1.]
Wörter: bytes , Vorhersage: statisch, Werte: [1.0993642e-08], [2.0994341e-07]
Wörter: (9.99 kb) , Vorhersage: variabel, Werte: [1.], [1.], [1.], [1.], [1.], [0.9999999], [1.], [0.9999999]
Wörter: sent, , Vorhersage: statisch, Werte: [7.16091e-07], [4.3556145e-08], [7.129388e-08]
Wörter: 9999 , Vorhersage: variabel, Werte: [1.], [1.]
Wörter: bytes , Vorhersage: statisch, Werte: [1.8456348e-08], [2.7522947e-07]
Wörter: (9.99 kb) , Vorhersage: variabel, Werte: [1.], [1.], [1.], [1.], [1.], [0.9999994], [1.], [0.99999964]
Wörter: received, lifetime , Vorhersage: statisch, Werte: [2.367294e-08], [3.714043e-10], [1.1839071e-10], [4.8585115e-08], [3.249176e-06]
Wörter: 99:99, Vorhersage: variabel, Werte: [1.], [1.], [1.]

Log: ping9.teamviewer.com:999 (IPv9) error : Could not connect through proxy proxy.cse.cuhk.edu.hk:9999 - Proxy server cannot establish a connection with the target, status code 999
[2057   17   15 1802   15  187   18   58    2    9 2104   17   10    2
  224    2   18    2  462    2  103    2  380    2  264    2  193    2
  193   15  246   15  248   15  235   15  188   18   55    2   14    2
  193    2  583    2  767    2  825    2   27    2  452    2  582    2
  135    2  720   13    2  436    2  489    2   58    0    0    0    0
    0    0    0    0    0    0    0    0    0    0    0    0    0    0
    0    0    0    0    0    0    0    0    0    0    0    0    0    0
    0    0    0    0    0    0    0    0    0    0    0    0    0    0
    0    0    0    0    0    0    0    0    0    0    0    0    0    0
    0    0    0    0    0    0    0    0    0    0    0    0    0    0
    0    0    0    0    0    0    0    0    0    0    0    0    0    0
    0    0    0    0    0    0    0    0    0    0    0    0    0    0
    0    0    0    0    0]
Wörter: ping9.teamviewer.com:999 (ipv9) , Vorhersage: variabel, Werte: [0.9999994], [1.], [1.], [1.], [1.], [1.], [1.], [1.], [1.], [0.9999814], [0.9998791], [0.9999944], [0.99988365], [0.9997278]
Wörter: error : could not connect through proxy , Vorhersage: statisch, Werte: [3.089304e-05], [7.5867715e-06], [0.0001177], [0.00013449], [1.3148468e-06], [7.249833e-07], [2.0642476e-07], [1.7960734e-07], [2.015282e-09], [3.1344893e-10], [1.1024665e-14], [4.936937e-14], [1.1551922e-10], [1.4667216e-08]
Wörter: proxy.cse.cuhk.edu.hk:9999 , Vorhersage: variabel, Werte: [0.9999994], [0.99999976], [1.], [1.], [1.], [1.], [1.], [1.], [1.], [0.9999999], [0.9999988], [0.99999976]
Wörter: - proxy server cannot establish a connection with the target, status code , Vorhersage: statisch, Werte: [3.5091763e-10], [3.1389388e-11], [3.408675e-08], [7.56529e-08], [1.3399078e-11], [4.943745e-12], [4.682782e-14], [3.3943077e-14], [6.901277e-13], [2.9025813e-13], [2.1356411e-10], [1.359167e-10], [9.849021e-06], [2.36051e-05], [0.00039765], [0.00039097], [4.595594e-09], [1.3272624e-09], [3.6061674e-09], [2.593532e-10], [4.4865046e-11], [3.586516e-08], [3.58568e-09], [6.895452e-06], [1.839569e-05]
Wörter: 999, Vorhersage: variabel, Werte: [0.9999627]

Log: Component State Change: Component \999alt9\999 is in the unavailable state (HWID=9999)
[331   2 278   2 382  18   2 331   2  23  58 608  17  23  58   2 200   2
  63   2 135   2 384   2 278   2   9 417  20  55  10   0   0   0   0   0
   0   0   0   0   0   0   0   0   0   0   0   0   0   0   0   0   0   0
   0   0   0   0   0   0   0   0   0   0   0   0   0   0   0   0   0   0
   0   0   0   0   0   0   0   0   0   0   0   0   0   0   0   0   0   0
   0   0   0   0   0   0   0   0   0   0   0   0   0   0   0   0   0   0
   0   0   0   0   0   0   0   0   0   0   0   0   0   0   0   0   0   0
   0   0   0   0   0   0   0   0   0   0   0   0   0   0   0   0   0   0
   0   0   0   0   0   0   0   0   0   0   0   0   0   0   0   0   0   0
   0   0   0   0   0   0   0   0   0   0   0]
Wörter: component state change: component , Vorhersage: statisch, Werte: [0.00038691], [0.00028684], [2.557334e-05], [1.8353654e-05], [2.6534512e-05], [5.4982104e-07], [3.7551683e-08], [5.657841e-07], [3.512827e-06]
Wörter: \999alt9\999 , Vorhersage: variabel, Werte: [1.], [1.], [1.], [1.], [1.], [1.], [1.]
Wörter: is in the unavailable state , Vorhersage: statisch, Werte: [8.55469e-09], [8.452333e-09], [1.745337e-06], [1.5754703e-06], [8.031847e-06], [4.647334e-07], [1.644411e-05], [9.914235e-08], [1.9803056e-06], [6.959926e-06]
Wörter: (hwid=9999), Vorhersage: variabel, Werte: [0.9999995], [1.], [1.], [1.], [0.9999994]

Log: unix.hw state_change.unavailable 9999999999 9 Component State Change: Component \999alt9\999 is in the unavailable state (HWID=9999)
[510  15 504   2 278  25 382  15 384   2 302   2  17   2 331   2 278   2
 382  18   2 331   2  23  58 608  17  23  58   2 200   2  63   2 135   2
 384   2 278   2   9 417  20  55  10   0   0   0   0   0   0   0   0   0
   0   0   0   0   0   0   0   0   0   0   0   0   0   0   0   0   0   0
   0   0   0   0   0   0   0   0   0   0   0   0   0   0   0   0   0   0
   0   0   0   0   0   0   0   0   0   0   0   0   0   0   0   0   0   0
   0   0   0   0   0   0   0   0   0   0   0   0   0   0   0   0   0   0
   0   0   0   0   0   0   0   0   0   0   0   0   0   0   0   0   0   0
   0   0   0   0   0   0   0   0   0   0   0   0   0   0   0   0   0   0
   0   0   0   0   0   0   0   0   0   0   0]
Wörter: unix.hw state_change.unavailable 9999999999 9 , Vorhersage: variabel, Werte: [0.9999999], [1.], [0.9999999], [1.], [0.99999964], [0.9999976], [0.99994755], [0.99998784], [0.99999976], [0.9999994], [0.99999666], [0.99999714], [0.9999999], [0.9999999]
Wörter: component state change: component , Vorhersage: statisch, Werte: [2.0900818e-06], [5.3270105e-07], [1.43175e-05], [8.51712e-06], [0.00052667], [8.339945e-06], [5.3743184e-07], [6.854494e-06], [1.8608323e-05]
Wörter: \999alt9\999 , Vorhersage: variabel, Werte: [1.], [1.], [1.], [1.], [1.], [1.], [1.]
Wörter: is in the unavailable state , Vorhersage: statisch, Werte: [1.3608649e-08], [1.1387859e-08], [2.7657054e-06], [2.6586526e-06], [1.7100168e-05], [1.0842282e-06], [2.8460967e-05], [1.5467772e-07], [2.3705281e-06], [7.991527e-06]
Wörter: (hwid=9999), Vorhersage: variabel, Werte: [0.9999995], [1.], [1.], [1.], [0.9999994]

Log: node-999 node status 9999999999 9 configured out
[  68   14   58    2   68    2  436    2  302    2   17    2 1457    2
  595    0    0    0    0    0    0    0    0    0    0    0    0    0
    0    0    0    0    0    0    0    0    0    0    0    0    0    0
    0    0    0    0    0    0    0    0    0    0    0    0    0    0
    0    0    0    0    0    0    0    0    0    0    0    0    0    0
    0    0    0    0    0    0    0    0    0    0    0    0    0    0
    0    0    0    0    0    0    0    0    0    0    0    0    0    0
    0    0    0    0    0    0    0    0    0    0    0    0    0    0
    0    0    0    0    0    0    0    0    0    0    0    0    0    0
    0    0    0    0    0    0    0    0    0    0    0    0    0    0
    0    0    0    0    0    0    0    0    0    0    0    0    0    0
    0    0    0    0    0    0    0    0    0    0    0    0    0    0
    0    0    0    0    0]
Wörter: node-999 node status 9999999999 9 , Vorhersage: variabel, Werte: [0.99994826], [0.99996436], [0.9999974], [0.9999988], [0.9999962], [0.9999989], [1.], [1.], [0.99999833], [0.9999988], [1.], [1.]
Wörter: configured out, Vorhersage: statisch, Werte: [2.6147121e-05], [1.1917277e-06], [1.8716926e-05]

Log: My election bind port: 9.9.9.9/9.9.9.9:9999
[2052    2 1380  269  131    2  867   30    2 1004   18    2   17   15
   17   15   17   15   17   16   17   15   17   15   17   15   17   18
   55    0    0    0    0    0    0    0    0    0    0    0    0    0
    0    0    0    0    0    0    0    0    0    0    0    0    0    0
    0    0    0    0    0    0    0    0    0    0    0    0    0    0
    0    0    0    0    0    0    0    0    0    0    0    0    0    0
    0    0    0    0    0    0    0    0    0    0    0    0    0    0
    0    0    0    0    0    0    0    0    0    0    0    0    0    0
    0    0    0    0    0    0    0    0    0    0    0    0    0    0
    0    0    0    0    0    0    0    0    0    0    0    0    0    0
    0    0    0    0    0    0    0    0    0    0    0    0    0    0
    0    0    0    0    0    0    0    0    0    0    0    0    0    0
    0    0    0    0    0]
Wörter: my election bind port: 9.9.9.9/9.9.9.9:9999, Vorhersage: variabel, Werte: [0.9971156], [0.99921477], [0.9998604], [0.9996654], [0.9990827], [0.9994448], [0.99993193], [0.99919313], [0.990198], [0.9998629], [0.9991242], [0.99981767], [1.], [1.], [1.], [1.], [1.], [1.], [1.], [1.], [1.], [1.], [1.], [1.], [1.], [1.], [1.], [1.], [1.]

Log: Closed socket connection for client /99.99.99.99:99999 which had sessionid 9x99f9a99999b999e
[1130    2 1430    2  452    2  341    2  770    2   16   54   15   54
   15   54   15   54   18   65    2 1058   70    2   34  142    2   62
   89  131   91    2   17   50   54   32   17   27   65   28   58   31
    0    0    0    0    0    0    0    0    0    0    0    0    0    0
    0    0    0    0    0    0    0    0    0    0    0    0    0    0
    0    0    0    0    0    0    0    0    0    0    0    0    0    0
    0    0    0    0    0    0    0    0    0    0    0    0    0    0
    0    0    0    0    0    0    0    0    0    0    0    0    0    0
    0    0    0    0    0    0    0    0    0    0    0    0    0    0
    0    0    0    0    0    0    0    0    0    0    0    0    0    0
    0    0    0    0    0    0    0    0    0    0    0    0    0    0
    0    0    0    0    0    0    0    0    0    0    0    0    0    0
    0    0    0    0    0]
Wörter: closed socket connection for client , Vorhersage: statisch, Werte: [3.4979544e-06], [3.2831992e-06], [8.1194435e-07], [1.8191156e-06], [1.8441096e-05], [8.013064e-06], [9.2216163e-07], [5.9752324e-07], [5.442383e-05], [4.2888878e-05]
Wörter: /99.99.99.99:99999 , Vorhersage: variabel, Werte: [1.], [1.], [1.], [1.], [1.], [1.], [1.], [1.], [1.], [1.], [1.]
Wörter: which , Vorhersage: statisch, Werte: [0.00024378], [2.8095668e-05], [2.0475993e-05]
Wörter: had se, Vorhersage: variabel, Werte: [0.9976083], [0.9995208], [0.99997914], [0.51091844]
Wörter: ssionid , Vorhersage: statisch, Werte: [0.42217338], [0.43163434], [0.04527857], [0.14024758]
Wörter: 9x99f9a99999b999e, Vorhersage: variabel, Werte: [0.9999999], [1.], [1.], [1.], [1.], [1.], [1.], [1.], [1.], [1.]

Log: caught end of stream exception
[1193    2  829    2  134    2  930    2  481    0    0    0    0    0
    0    0    0    0    0    0    0    0    0    0    0    0    0    0
    0    0    0    0    0    0    0    0    0    0    0    0    0    0
    0    0    0    0    0    0    0    0    0    0    0    0    0    0
    0    0    0    0    0    0    0    0    0    0    0    0    0    0
    0    0    0    0    0    0    0    0    0    0    0    0    0    0
    0    0    0    0    0    0    0    0    0    0    0    0    0    0
    0    0    0    0    0    0    0    0    0    0    0    0    0    0
    0    0    0    0    0    0    0    0    0    0    0    0    0    0
    0    0    0    0    0    0    0    0    0    0    0    0    0    0
    0    0    0    0    0    0    0    0    0    0    0    0    0    0
    0    0    0    0    0    0    0    0    0    0    0    0    0    0
    0    0    0    0    0]
Wörter: caught end of , Vorhersage: statisch, Werte: [0.00183557], [0.00060617], [0.00576638], [0.00101321], [0.01170706], [0.00485068]
Wörter: stream, Vorhersage: variabel, Werte: [0.5051524]
Wörter:  exception, Vorhersage: statisch, Werte: [0.08321255], [0.00023363]
Model: "sequential"
┏━━━━━━━━━━━━━━━━━━━━━━━━━━━━━━━━━━━━━━┳━━━━━━━━━━━━━━━━━━━━━━━━━━━━━┳━━━━━━━━━━━━━━━━━┓
┃ Layer (type)                         ┃ Output Shape                ┃         Param # ┃
┡━━━━━━━━━━━━━━━━━━━━━━━━━━━━━━━━━━━━━━╇━━━━━━━━━━━━━━━━━━━━━━━━━━━━━╇━━━━━━━━━━━━━━━━━┩
│ embedding (Embedding)                │ (None, 173, 64)             │         272,064 │
├──────────────────────────────────────┼─────────────────────────────┼─────────────────┤
│ bidirectional (Bidirectional)        │ (None, 173, 256)            │         148,992 │
├──────────────────────────────────────┼─────────────────────────────┼─────────────────┤
│ time_distributed (TimeDistributed)   │ (None, 173, 128)            │          32,896 │
├──────────────────────────────────────┼─────────────────────────────┼─────────────────┤
│ dropout (Dropout)                    │ (None, 173, 128)            │               0 │
├──────────────────────────────────────┼─────────────────────────────┼─────────────────┤
│ time_distributed_1 (TimeDistributed) │ (None, 173, 1)              │             129 │
└──────────────────────────────────────┴─────────────────────────────┴─────────────────┘
 Total params: 1,362,245 (5.20 MB)
 Trainable params: 454,081 (1.73 MB)
 Non-trainable params: 0 (0.00 B)
 Optimizer params: 908,164 (3.46 MB)

Training auf folgende Datei: Datensätze/Vorbereitete Daten - Beispiel/bgl_v1/2k/BGL_2k_evaluate_content.txt
Total Trainings-Loss: [0.022042015567421913, 0.0020082450937479734, 0.0012093198020011187, 0.0008501302218064666, 0.0005486830486916006, 0.00037547407555393875, 0.00028345940518192947, 0.000246665469603613, 0.00018315397028345615, 9.766907896846533e-05]
Total Trainings-Accuracy: [0.9925535321235657, 0.9993541240692139, 0.9996137022972107, 0.9997300505638123, 0.9998325109481812, 0.9998966455459595, 0.9999162554740906, 0.9999192357063293, 0.9999361038208008, 0.999973475933075]
Total Validierungs-Loss: [0.0028558054473251104, 0.001848484855145216, 0.0013716411776840687, 0.0012571649858728051, 0.0011993097141385078, 0.0010163788683712482, 0.0009581822669133544, 0.0009178109467029572, 0.0008946519810706377, 0.0008734369766898453]
Total Validierungs-Accuracy: [0.9990684986114502, 0.9994699954986572, 0.9996846318244934, 0.9997149705886841, 0.9996854662895203, 0.99977046251297, 0.9997795224189758, 0.9998133182525635, 0.9998189806938171, 0.9998461008071899]
