Loss: 0.0034990522544831038, Accuracy: 0.972923994064331
[ 13   2 247   2 407   6  38   7   2 190   2 198   2 205   2 200   2 353
   2  13   9   2 294   2  13   9   2 341   2  13   0   0   0   0   0   0
   0   0   0   0   0   0   0   0   0   0   0   0   0   0   0   0   0   0
   0   0   0   0   0   0   0   0   0   0   0   0   0   0   0   0   0   0
   0   0   0   0   0   0   0   0   0   0   0   0   0   0   0   0   0   0
   0   0   0   0   0   0   0   0   0   0   0   0   0   0   0   0   0   0
   0   0   0   0   0   0   0   0   0   0   0   0   0   0   0   0   0   0
   0   0   0   0   0   0   0   0   0   0   0   0   0   0   0   0   0   0
   0   0   0   0   0   0   0   0   0   0   0   0   0   0   0   0   0   0
   0   0   0   0   0   0   0   0   0]
Wörter: 9 , Vorhersage: variabel, Werte: [0.5175257], [0.00452533]
Wörter: ddr, Vorhersage: statisch, Werte: [-0.94719964]
Wörter:  , Vorhersage: variabel, Werte: [0.00141578]
Wörter: errors(s), Vorhersage: statisch, Werte: [-0.9073165], [-0.9964262], [-0.9975888], [-0.9858836]
Wörter:  , Vorhersage: variabel, Werte: [0.00249254]
Wörter: detected and, Vorhersage: statisch, Werte: [-0.9864044], [-0.00041441], [-0.9990869]
Wörter:  , Vorhersage: variabel, Werte: [0.00075127]
Wörter: corrected, Vorhersage: statisch, Werte: [-0.9992122]
Wörter:  , Vorhersage: variabel, Werte: [0.00103296]
Wörter: on, Vorhersage: statisch, Werte: [-0.99567926]
Wörter:  , Vorhersage: variabel, Werte: [0.00290034]
Wörter: rank , Vorhersage: statisch, Werte: [-0.94218826], [-0.00085488]
Wörter: 9, , Vorhersage: variabel, Werte: [0.99009013], [0.99023855], [0.00221647]
Wörter: symbol , Vorhersage: statisch, Werte: [-0.8729289], [-0.00096444]
Wörter: 9, bit, Vorhersage: variabel, Werte: [0.99905366], [0.9984354], [0.00215826], [0.8284897]
Wörter:  , Vorhersage: statisch, Werte: [-0.00033587]
Wörter: 9, Vorhersage: variabel, Werte: [0.9789644]
[265   2 422   2 332   2 138   2 205   0   0   0   0   0   0   0   0   0
   0   0   0   0   0   0   0   0   0   0   0   0   0   0   0   0   0   0
   0   0   0   0   0   0   0   0   0   0   0   0   0   0   0   0   0   0
   0   0   0   0   0   0   0   0   0   0   0   0   0   0   0   0   0   0
   0   0   0   0   0   0   0   0   0   0   0   0   0   0   0   0   0   0
   0   0   0   0   0   0   0   0   0   0   0   0   0   0   0   0   0   0
   0   0   0   0   0   0   0   0   0   0   0   0   0   0   0   0   0   0
   0   0   0   0   0   0   0   0   0   0   0   0   0   0   0   0   0   0
   0   0   0   0   0   0   0   0   0   0   0   0   0   0   0   0   0   0
   0   0   0   0   0   0   0   0   0]
Wörter: instruction, Vorhersage: statisch, Werte: [-0.95000374]
Wörter:  , Vorhersage: variabel, Werte: [0.00218357]
Wörter: cache, Vorhersage: statisch, Werte: [-0.98059946]
Wörter:  , Vorhersage: variabel, Werte: [0.00220412]
Wörter: parity error, Vorhersage: statisch, Werte: [-0.8851513], [-0.00150739], [-0.71745795]
Wörter:  , Vorhersage: variabel, Werte: [0.00056984]
Wörter: corrected, Vorhersage: statisch, Werte: [-0.9886061]
[516   2 102   2  46   2 247   2 138   6  38   7   2 190   2 198   2 205
   0   0   0   0   0   0   0   0   0   0   0   0   0   0   0   0   0   0
   0   0   0   0   0   0   0   0   0   0   0   0   0   0   0   0   0   0
   0   0   0   0   0   0   0   0   0   0   0   0   0   0   0   0   0   0
   0   0   0   0   0   0   0   0   0   0   0   0   0   0   0   0   0   0
   0   0   0   0   0   0   0   0   0   0   0   0   0   0   0   0   0   0
   0   0   0   0   0   0   0   0   0   0   0   0   0   0   0   0   0   0
   0   0   0   0   0   0   0   0   0   0   0   0   0   0   0   0   0   0
   0   0   0   0   0   0   0   0   0   0   0   0   0   0   0   0   0   0
   0   0   0   0   0   0   0   0   0]
Wörter: total, Vorhersage: statisch, Werte: [-0.96116674]
Wörter:  , Vorhersage: variabel, Werte: [0.00196543]
Wörter: of , Vorhersage: statisch, Werte: [-0.9725922], [-0.00171609]
Wörter: 99, Vorhersage: variabel, Werte: [0.9980726]
Wörter:  ddr error(s), Vorhersage: statisch, Werte: [-0.00044281], [-0.7590806], [-0.00067324], [-0.86735576], [-0.99338907], [-0.99641305], [-0.97874606]
Wörter:  , Vorhersage: variabel, Werte: [0.00265981]
Wörter: detected, Vorhersage: statisch, Werte: [-0.9750074]
Wörter:  , Vorhersage: variabel, Werte: [0.00013736]
Wörter: and, Vorhersage: statisch, Werte: [-0.9972986]
Wörter:  , Vorhersage: variabel, Werte: [0.00255437]
Wörter: corrected, Vorhersage: statisch, Werte: [-0.9967705]
[ 46  11  51  11  13  11  13  14  72   2  77 104   2 558   2 477  30  19
  10  76  13   2 300   2  12  46  11  51  11  13  11  13   0   0   0   0
   0   0   0   0   0   0   0   0   0   0   0   0   0   0   0   0   0   0
   0   0   0   0   0   0   0   0   0   0   0   0   0   0   0   0   0   0
   0   0   0   0   0   0   0   0   0   0   0   0   0   0   0   0   0   0
   0   0   0   0   0   0   0   0   0   0   0   0   0   0   0   0   0   0
   0   0   0   0   0   0   0   0   0   0   0   0   0   0   0   0   0   0
   0   0   0   0   0   0   0   0   0   0   0   0   0   0   0   0   0   0
   0   0   0   0   0   0   0   0   0   0   0   0   0   0   0   0   0   0
   0   0   0   0   0   0   0   0   0]
Wörter: 99.999.9.9:99999 served block blk_-99999999999999999 to, Vorhersage: variabel, Werte: [0.9999865], [0.99773604], [0.99999356], [0.9982684], [0.9999803], [0.9984555], [0.999976], [0.99945045], [0.9996441], [0.00218476], [0.59178936], [0.61431426], [0.00078577], [0.24746688], [0.00081138], [0.89717287], [0.9902602], [0.9740038], [0.9648718], [0.9176331], [0.9922252], [0.00195694], [0.3979753]
Wörter:  , Vorhersage: statisch, Werte: [-0.00158714]
Wörter: /99.999.9.9, Vorhersage: variabel, Werte: [0.99850744], [0.99999917], [0.9996853], [0.9999987], [0.9993536], [0.99998724], [0.996252], [0.99931115]
[ 558    2 1303 1135 1027   11  716   59  188  347   14    2   12   32
  268   12   27   20   88 1066   12  154  100   23   12 1135 1027   12
 1420   19   49   47   19   47   12 1420   11   29   54   11    2  477
   30   19   76   51    0    0    0    0    0    0    0    0    0    0
    0    0    0    0    0    0    0    0    0    0    0    0    0    0
    0    0    0    0    0    0    0    0    0    0    0    0    0    0
    0    0    0    0    0    0    0    0    0    0    0    0    0    0
    0    0    0    0    0    0    0    0    0    0    0    0    0    0
    0    0    0    0    0    0    0    0    0    0    0    0    0    0
    0    0    0    0    0    0    0    0    0    0    0    0    0    0
    0    0    0    0    0    0    0    0    0    0    0    0    0    0
    0    0    0    0    0    0    0    0    0    0    0    0    0    0
    0    0    0]
Wörter: block, Vorhersage: statisch, Werte: [-0.7343867]
Wörter:  , Vorhersage: variabel, Werte: [0.00599662]
Wörter: namesystem.allocateblock:, Vorhersage: statisch, Werte: [-0.66567945], [-0.33568373], [-0.08403473], [-0.59936714], [-0.47151586], [-0.9916505], [-0.61833847], [-0.02166263], [-0.5414448]
Wörter:  /mnt/ha, Vorhersage: variabel, Werte: [0.00190242], [0.901822], [0.84021306], [0.88250816], [0.9749825], [0.9340565], [0.87289965]
Wörter: do, Vorhersage: statisch, Werte: [-0.5878972]
Wörter: op/mapred/system/job_999999999999_9999/job.jar. blk_9999999999999999999, Vorhersage: variabel, Werte: [0.5856464], [0.940883], [0.92654014], [0.87697446], [0.91237575], [0.97867006], [0.94338155], [0.94810796], [0.9928549], [0.9764474], [0.9926922], [0.9998475], [0.9999393], [0.9985308], [0.9999553], [0.9995863], [0.99404526], [0.9910054], [0.9995541], [0.9628437], [0.6234033], [2.5553309e-06], [0.86240333], [0.98870397], [0.98068637], [0.9698998], [0.9993351]
[  46   11   51   11   46   11   51   14   72    2  740    2  209  375
    2  300    2  390   38 1031    2  558    2  477   30   19   10   76
   51    2  300    2   46   11   51   11   51   11   51   14   72    9
    2   46   11   51   11   46   11   51   14   72    0    0    0    0
    0    0    0    0    0    0    0    0    0    0    0    0    0    0
    0    0    0    0    0    0    0    0    0    0    0    0    0    0
    0    0    0    0    0    0    0    0    0    0    0    0    0    0
    0    0    0    0    0    0    0    0    0    0    0    0    0    0
    0    0    0    0    0    0    0    0    0    0    0    0    0    0
    0    0    0    0    0    0    0    0    0    0    0    0    0    0
    0    0    0    0    0    0    0    0    0    0    0    0    0    0
    0    0    0    0    0    0    0    0    0    0    0    0    0    0
    0    0    0]
Wörter: 99.999.99.999:99999 , Vorhersage: variabel, Werte: [0.9999877], [0.99813443], [0.999996], [0.9994006], [0.9999997], [0.99968964], [0.99999845], [0.9996974], [0.9996887], [0.00273649]
Wörter: starting thread to transfer, Vorhersage: statisch, Werte: [-0.6663253], [-0.00011442], [-0.37069774], [-0.08589596], [-0.00149893], [-0.74173975], [-0.00359594], [-0.9335125], [-0.99007064], [-0.94179344]
Wörter:  , Vorhersage: variabel, Werte: [0.00205654]
Wörter: block, Vorhersage: statisch, Werte: [-0.8085735]
Wörter:  blk_-9999999999999999999 to, Vorhersage: variabel, Werte: [0.00287976], [0.7394322], [0.9776402], [0.9624194], [0.9712228], [0.9640274], [0.99953014], [0.00085719], [0.5741606]
Wörter:  , Vorhersage: statisch, Werte: [-0.00214114]
Wörter: 99.999.999.999:99999,, Vorhersage: variabel, Werte: [0.99999684], [0.99961156], [0.99999917], [0.9997649], [0.9999994], [0.99978584], [0.9999995], [0.9999654], [0.99999475], [0.9999534]
Wörter:  , Vorhersage: statisch, Werte: [-0.01283874]
Wörter: 99.999.99.999:99999, Vorhersage: variabel, Werte: [0.9999994], [0.99982846], [0.99999964], [0.999861], [1.], [0.99988633], [0.9999995], [0.999872], [0.9997926]
[  37   38   11   38   67   20   29   38   11   22   33   14   46    2
 1067   33    2  209  135   40  661    2 1186    2 1186   11   22  231
   11   22   40   27   30   11  104   40   11   27   30   14   47    2
   27   39   39   35   38    0    0    0    0    0    0    0    0    0
    0    0    0    0    0    0    0    0    0    0    0    0    0    0
    0    0    0    0    0    0    0    0    0    0    0    0    0    0
    0    0    0    0    0    0    0    0    0    0    0    0    0    0
    0    0    0    0    0    0    0    0    0    0    0    0    0    0
    0    0    0    0    0    0    0    0    0    0    0    0    0    0
    0    0    0    0    0    0    0    0    0    0    0    0    0    0
    0    0    0    0    0    0    0    0    0    0    0    0    0    0
    0    0    0    0    0    0    0    0    0    0    0    0    0    0
    0    0    0]
Wörter: rs.sina, Vorhersage: statisch, Werte: [-0.7034082], [-0.9935639], [-0.9947981], [-0.99366117], [-0.9436287], [-0.9455271]
Wörter: j, Vorhersage: variabel, Werte: [0.20560595]
Wörter: s., Vorhersage: statisch, Werte: [-0.95769215], [-0.49265292]
Wörter: cn:99 open through , Vorhersage: variabel, Werte: [0.94237965], [0.9512623], [0.9701269], [0.9998603], [0.00247175], [0.6056749], [0.80221117], [0.0019261], [0.7334689], [0.84085524], [0.9932552], [0.6386858], [0.0009158]
Wörter: proxy, Vorhersage: statisch, Werte: [-0.14226721]
Wörter:  proxy.cse.cuhk.edu.hk:9999 http, Vorhersage: variabel, Werte: [0.0013534], [0.74199325], [0.80936635], [0.9949746], [0.9391257], [0.9688618], [0.9991063], [0.99963903], [0.9911886], [0.99761695], [0.98843914], [0.99541366], [0.99973106], [0.9909727], [0.98789644], [0.9975884], [0.99728453], [0.99926794], [0.00271564], [0.9403443], [0.9552412], [0.8227309], [0.5157914]
Wörter: s, Vorhersage: statisch, Werte: [-0.97170925]
[ 308   22   13   11   45   27  812   26   11  351   14   51    2 1375
    9    2   47    2  604   38    2    6   13   11   46    2   30   21
    7    2  602    9    2   47    2  604   38    2    6   13   11   46
    2   30   21    7    2  281  230  104    9    2  415  187  381    2
   46   14   46    0    0    0    0    0    0    0    0    0    0    0
    0    0    0    0    0    0    0    0    0    0    0    0    0    0
    0    0    0    0    0    0    0    0    0    0    0    0    0    0
    0    0    0    0    0    0    0    0    0    0    0    0    0    0
    0    0    0    0    0    0    0    0    0    0    0    0    0    0
    0    0    0    0    0    0    0    0    0    0    0    0    0    0
    0    0    0    0    0    0    0    0    0    0    0    0    0    0
    0    0    0    0    0    0    0    0    0    0    0    0    0    0
    0    0    0]
Wörter: pic9.zhimg.com:999 , Vorhersage: variabel, Werte: [0.88742936], [0.9976654], [0.9997742], [0.99283093], [0.99884874], [0.98508537], [0.9751597], [0.95982015], [0.9061336], [0.9344349], [0.98774517], [0.9997084], [0.00351141]
Wörter: close, Vorhersage: statisch, Werte: [-0.20930436]
Wörter: , 9999, Vorhersage: variabel, Werte: [0.86775625], [0.00096398], [0.8966136]
Wörter:  bytes, Vorhersage: statisch, Werte: [-0.00187247], [-0.982689], [-0.9954925]
Wörter:  , Vorhersage: variabel, Werte: [0.00397689]
Wörter: (, Vorhersage: statisch, Werte: [-0.63381475]
Wörter: 9.99 kb) , Vorhersage: variabel, Werte: [0.9551118], [0.80655795], [0.9997905], [0.00244854], [0.9910962], [0.9968145], [0.83869356], [0.00053998]
Wörter: sent, Vorhersage: statisch, Werte: [-0.03379161]
Wörter: , 9999, Vorhersage: variabel, Werte: [0.86243314], [0.00062341], [0.9079004]
Wörter:  bytes, Vorhersage: statisch, Werte: [-0.00211947], [-0.9817009], [-0.9953101]
Wörter:  , Vorhersage: variabel, Werte: [0.00398816]
Wörter: (, Vorhersage: statisch, Werte: [-0.62452346]
Wörter: 9.99 kb) received, lifetime 99:99, Vorhersage: variabel, Werte: [0.9563166], [0.8089945], [0.99979043], [0.0021085], [0.990624], [0.99660814], [0.8289109], [0.00057466], [0.87714124], [0.8898682], [0.9762516], [0.9949451], [0.00214251], [0.786855], [0.884591], [0.9085942], [0.00249217], [0.99999744], [0.9998802], [0.99999624]
[1070   13   11   39  150   32   41   28   24  841   11  351   14   51
    2    6  292   41   13    7    2  138    2   14    2  242  531   23
    2  158    2  916   62    2  209  135   40  661    2 1186    2 1186
   11   22  231   11   22   40   27   30   11  104   40   11   27   30
   14   47    2   10    2 1186    2  703    2  948    2 1029  174  415
  111    2   20    2  916   95    2  494    2  287    2  633    9    2
  352    2  907    2   51    0    0    0    0    0    0    0    0    0
    0    0    0    0    0    0    0    0    0    0    0    0    0    0
    0    0    0    0    0    0    0    0    0    0    0    0    0    0
    0    0    0    0    0    0    0    0    0    0    0    0    0    0
    0    0    0    0    0    0    0    0    0    0    0    0    0    0
    0    0    0    0    0    0    0    0    0    0    0    0    0    0
    0    0    0]
Wörter: ping9.teamviewer.com:999 (ipv9) , Vorhersage: variabel, Werte: [0.7899871], [0.99564886], [0.9357064], [0.9679308], [0.9596142], [0.8213902], [0.83007497], [0.48569223], [0.9905402], [0.8649571], [0.6606242], [0.82553625], [0.96485656], [0.99950504], [0.00211329], [0.3293042], [0.5485493], [0.5531225], [0.96119386], [0.23489246], [0.00171864]
Wörter: error : , Vorhersage: statisch, Werte: [-0.71767575], [-0.0005179], [-0.4627962], [-0.00059813]
Wörter: coul, Vorhersage: variabel, Werte: [0.51110125], [0.03406822]
Wörter: d, Vorhersage: statisch, Werte: [-0.65096176]
Wörter:  , Vorhersage: variabel, Werte: [0.00154388]
Wörter: not, Vorhersage: statisch, Werte: [-0.9848067]
Wörter:  , Vorhersage: variabel, Werte: [0.00280014]
Wörter: connect, Vorhersage: statisch, Werte: [-0.84426796], [-0.75006074]
Wörter:  through , Vorhersage: variabel, Werte: [0.00295567], [0.22467707], [0.5064464], [0.9792846], [0.30241752], [0.00069371]
Wörter: proxy, Vorhersage: statisch, Werte: [-0.25283557]
Wörter:  proxy.cse.cuhk.edu.hk:9999 , Vorhersage: variabel, Werte: [0.0014861], [0.71353424], [0.77924824], [0.9943359], [0.93535507], [0.96688044], [0.99907047], [0.9996285], [0.9910329], [0.99758965], [0.9882569], [0.9953974], [0.9997297], [0.99038464], [0.9870571], [0.9969422], [0.9941865], [0.9986608], [0.00151943]
Wörter: - proxy server, Vorhersage: statisch, Werte: [-0.42733774], [-0.00039453], [-0.7445044], [-0.00287283], [-0.9350967]
Wörter:  , Vorhersage: variabel, Werte: [0.0011469]
Wörter: cannot, Vorhersage: statisch, Werte: [-0.9138286]
Wörter:  , Vorhersage: variabel, Werte: [0.0023164]
Wörter: est, Vorhersage: statisch, Werte: [-0.06225919]
Wörter: ab, Vorhersage: variabel, Werte: [0.14391148]
Wörter: lish, Vorhersage: statisch, Werte: [-0.453349], [-0.7842171]
Wörter:  , Vorhersage: variabel, Werte: [0.00045646]
Wörter: a, Vorhersage: statisch, Werte: [-0.84681433]
Wörter:  , Vorhersage: variabel, Werte: [5.5709403e-05]
Wörter: connection with, Vorhersage: statisch, Werte: [-0.7808729], [-0.76447725], [-0.00125229], [-0.9684092]
Wörter:  , Vorhersage: variabel, Werte: [0.00025588]
Wörter: the, Vorhersage: statisch, Werte: [-0.99415624]
Wörter:  , Vorhersage: variabel, Werte: [0.00760416]
Wörter: target,, Vorhersage: statisch, Werte: [-0.5197896], [-0.32512134]
Wörter:  , Vorhersage: variabel, Werte: [0.00011183]
Wörter: status, Vorhersage: statisch, Werte: [-0.9742776]
Wörter:  , Vorhersage: variabel, Werte: [0.00538449]
Wörter: code , Vorhersage: statisch, Werte: [-0.79291236], [-0.00020144]
Wörter: 999, Vorhersage: variabel, Werte: [0.9892112]
Model: "sequential"
┏━━━━━━━━━━━━━━━━━━━━━━━━━━━━━━━━━━━━━━┳━━━━━━━━━━━━━━━━━━━━━━━━━━━━━┳━━━━━━━━━━━━━━━━━┓
┃ Layer (type)                         ┃ Output Shape                ┃         Param # ┃
┡━━━━━━━━━━━━━━━━━━━━━━━━━━━━━━━━━━━━━━╇━━━━━━━━━━━━━━━━━━━━━━━━━━━━━╇━━━━━━━━━━━━━━━━━┩
│ embedding (Embedding)                │ (None, 171, 64)             │          94,912 │
├──────────────────────────────────────┼─────────────────────────────┼─────────────────┤
│ bidirectional (Bidirectional)        │ (None, 171, 256)            │         148,992 │
├──────────────────────────────────────┼─────────────────────────────┼─────────────────┤
│ time_distributed (TimeDistributed)   │ (None, 171, 128)            │          32,896 │
├──────────────────────────────────────┼─────────────────────────────┼─────────────────┤
│ dropout (Dropout)                    │ (None, 171, 128)            │               0 │
├──────────────────────────────────────┼─────────────────────────────┼─────────────────┤
│ time_distributed_1 (TimeDistributed) │ (None, 171, 1)              │             129 │
└──────────────────────────────────────┴─────────────────────────────┴─────────────────┘
 Total params: 830,789 (3.17 MB)
 Trainable params: 276,929 (1.06 MB)
 Non-trainable params: 0 (0.00 B)
 Optimizer params: 553,860 (2.11 MB)

Training auf folgende Datei: Datensätze/Vorbereitete Daten/bgl_v1/unique_data/content_list_bgl_unique.txt
Total Trainings-Loss: [0.060790978372097015, 0.019666168838739395, 0.007372490130364895, 0.004775784444063902, 0.0037869128864258528, 0.003194657852873206, 0.0027949479408562183, 0.002488336991518736, 0.002149932086467743, 0.0017125015147030354]
Total Trainings-Accuracy: [0.9336403608322144, 0.970274031162262, 0.9715350270271301, 0.9722990393638611, 0.9726315140724182, 0.9727339744567871, 0.9729532599449158, 0.9730153679847717, 0.9729605913162231, 0.9729679226875305]
Total Validierungs-Loss: [0.026218296959996223, 0.011181683279573917, 0.005699037108570337, 0.004803680349141359, 0.004454811103641987, 0.00431781867519021, 0.004210376646369696, 0.0041062976233661175, 0.0038889532443135977, 0.0034991130232810974]
Total Validierungs-Accuracy: [0.9698977470397949, 0.9712281227111816, 0.9721930027008057, 0.9727046489715576, 0.9727193713188171, 0.9728801846504211, 0.972938597202301, 0.9728655219078064, 0.972938597202301, 0.9729240536689758]
