Loss: 0.0021424079313874245, Accuracy: 0.9992051124572754

Log: 9 ddr errors(s) detected and corrected on rank 9, symbol 9, bit 9
[  11    2  825   39    2 1099    4   40    5    2  433    2  281    2
 1523   71  407    2   57    2  123   32    2   11    7    2  562   34
  299   33    2   11    7    2   23  463    2   11    0    0    0    0
    0    0    0    0    0    0    0    0    0    0    0    0    0    0
    0    0    0    0    0    0    0    0    0    0    0    0    0    0
    0    0    0    0    0    0    0    0    0    0    0    0    0    0
    0    0    0    0    0    0    0    0    0    0    0    0    0    0
    0    0    0    0    0    0    0    0    0    0    0    0    0    0]
Wörter: 9 ddr , Vorhersage: variabel, Werte: [0.99998987], [0.9999039], [0.9861015], [0.9991411], [0.9979559]
Wörter: errors(s) detected and corrected on ran, Vorhersage: statisch, Werte: [0.00818477], [0.12872915], [0.01477113], [0.02099569], [0.00556017], [0.00013885], [4.504872e-05], [0.00084867], [0.00048388], [0.02221033], [0.11530029], [0.02772111], [0.00614887], [0.00562025], [0.00110701], [0.17309596]
Wörter: k 9, symbol 9, bit 9, Vorhersage: variabel, Werte: [0.54239815], [0.6695274], [0.99999976], [0.99998415], [0.9999583], [0.9490628], [0.9982133], [0.9983822], [0.99940133], [0.9997881], [1.], [0.9999982], [0.99999726], [0.9999963], [0.99971277], [0.99974173], [0.9999995]

Log: instruction cache parity error corrected
[  75   64 1607   24  118    2 1273    2  384  463   46    2  247    2
 1523   71  407    0    0    0    0    0    0    0    0    0    0    0
    0    0    0    0    0    0    0    0    0    0    0    0    0    0
    0    0    0    0    0    0    0    0    0    0    0    0    0    0
    0    0    0    0    0    0    0    0    0    0    0    0    0    0
    0    0    0    0    0    0    0    0    0    0    0    0    0    0
    0    0    0    0    0    0    0    0    0    0    0    0    0    0
    0    0    0    0    0    0    0    0    0    0    0    0    0    0]
Wörter: instruction cache parity error , Vorhersage: statisch, Werte: [3.0702722e-05], [0.00026829], [0.00051996], [0.01105611], [0.01896593], [0.00884106], [0.01208524], [0.00406117], [0.05734896], [0.00090864], [0.00062986], [9.3069306e-05], [0.00321907], [0.00139793]
Wörter: corre, Vorhersage: variabel, Werte: [0.51928055], [0.7700826]
Wörter: cted, Vorhersage: statisch, Werte: [0.00983438]

Log: total of 99 ddr error(s) detected and corrected
[  61   41  248    2  130    2   48    2  825   39    2  247    4   40
    5    2  433    2  281    2 1523   71  407    0    0    0    0    0
    0    0    0    0    0    0    0    0    0    0    0    0    0    0
    0    0    0    0    0    0    0    0    0    0    0    0    0    0
    0    0    0    0    0    0    0    0    0    0    0    0    0    0
    0    0    0    0    0    0    0    0    0    0    0    0    0    0
    0    0    0    0    0    0    0    0    0    0    0    0    0    0
    0    0    0    0    0    0    0    0    0    0    0    0    0    0]
Wörter: total of , Vorhersage: statisch, Werte: [0.01642479], [0.01786248], [0.00186782], [0.00032965], [8.4024396e-05], [6.7500194e-05]
Wörter: 99 ddr , Vorhersage: variabel, Werte: [0.9999994], [0.9999987], [0.8765971], [0.99886215], [0.9985581]
Wörter: error, Vorhersage: statisch, Werte: [0.29839656]
Wörter: (s) , Vorhersage: variabel, Werte: [0.99186885], [0.9687533], [0.9275643], [0.67514634]
Wörter: detected and , Vorhersage: statisch, Werte: [0.00083873], [0.00015479], [0.00411649], [0.00400454]
Wörter: corre, Vorhersage: variabel, Werte: [0.9416278], [0.9853017]
Wörter: cted, Vorhersage: statisch, Werte: [0.28101456]

Log: 99.999.9.9:99999 Served block blk_-99999999999999999 to /99.999.9.9
[ 48   9  50   9  11   9  11  12  54   2 131   2  60   2  66  21   8 201
   2  61   2  10  48   9  50   9  11   9  11   0   0   0   0   0   0   0
   0   0   0   0   0   0   0   0   0   0   0   0   0   0   0   0   0   0
   0   0   0   0   0   0   0   0   0   0   0   0   0   0   0   0   0   0
   0   0   0   0   0   0   0   0   0   0   0   0   0   0   0   0   0   0
   0   0   0   0   0   0   0   0   0   0   0   0   0   0   0   0   0   0
   0   0   0   0]
Wörter: 99.999.9.9:99999 , Vorhersage: variabel, Werte: [1.], [1.], [1.], [1.], [1.], [1.], [1.], [1.], [1.], [0.9999999]
Wörter: served block , Vorhersage: statisch, Werte: [4.5100933e-07], [2.2971092e-08], [1.209882e-08], [8.7565087e-07]
Wörter: blk_-99999999999999999 , Vorhersage: variabel, Werte: [1.], [1.], [1.], [1.], [0.9999999]
Wörter: to , Vorhersage: statisch, Werte: [6.7212124e-05], [6.7537812e-06]
Wörter: /99.999.9.9, Vorhersage: variabel, Werte: [0.9999999], [1.], [1.], [1.], [1.], [1.], [1.], [1.]

Log: BLOCK* NameSystem.allocateBlock: /mnt/hadoop/mapred/system/job_999999999999_9999/job.jar. blk_9999999999999999999
[ 60   6   2 167   9 324  12   2  10 454  10 460  10 750  10 754  10 420
  21 318  21  49  10 420   9 715   9   2  66  21  97   0   0   0   0   0
   0   0   0   0   0   0   0   0   0   0   0   0   0   0   0   0   0   0
   0   0   0   0   0   0   0   0   0   0   0   0   0   0   0   0   0   0
   0   0   0   0   0   0   0   0   0   0   0   0   0   0   0   0   0   0
   0   0   0   0   0   0   0   0   0   0   0   0   0   0   0   0   0   0
   0   0   0   0]
Wörter: block* namesystem.allocateblock: , Vorhersage: statisch, Werte: [0.00060702], [4.6787967e-08], [1.1159383e-07], [2.0478266e-09], [5.1484538e-08], [3.6545487e-08], [1.5937752e-07], [3.5263372e-06]
Wörter: /mnt/hadoop/mapred/system/job_999999999999_9999/job.jar. blk_9999999999999999999, Vorhersage: variabel, Werte: [0.99999166], [1.], [1.], [1.], [1.], [1.], [1.], [1.], [1.], [1.], [1.], [1.], [1.], [1.], [1.], [1.], [1.], [1.], [0.99999964], [0.9999994], [1.], [1.], [1.]

Log: 99.999.99.999:99999 Starting thread to transfer block blk_-9999999999999999999 to 99.999.999.999:99999, 99.999.99.999:99999
[ 48   9  50   9  48   9  50  12  54   2 196   2 205   2  61   2 207   2
  60   2  66  21   8  97   2  61   2  48   9  50   9  50   9  50  12  54
   7   2  48   9  50   9  48   9  50  12  54   0   0   0   0   0   0   0
   0   0   0   0   0   0   0   0   0   0   0   0   0   0   0   0   0   0
   0   0   0   0   0   0   0   0   0   0   0   0   0   0   0   0   0   0
   0   0   0   0   0   0   0   0   0   0   0   0   0   0   0   0   0   0
   0   0   0   0]
Wörter: 99.999.99.999:99999 , Vorhersage: variabel, Werte: [1.], [1.], [1.], [1.], [1.], [1.], [1.], [1.], [1.], [0.99999857]
Wörter: starting thread to transfer block , Vorhersage: statisch, Werte: [4.070782e-07], [3.8661103e-08], [1.89781e-09], [1.3781983e-09], [2.3491615e-09], [9.15223e-10], [9.3236266e-11], [1.0155721e-10], [9.501814e-10], [1.6687862e-07]
Wörter: blk_-9999999999999999999 , Vorhersage: variabel, Werte: [1.], [1.], [1.], [1.], [0.9999999]
Wörter: to , Vorhersage: statisch, Werte: [1.0537116e-05], [2.5781378e-06]
Wörter: 99.999.999.999:99999, 99.999.99.999:99999, Vorhersage: variabel, Werte: [1.], [1.], [1.], [1.], [1.], [1.], [1.], [1.], [1.], [1.], [1.], [1.], [1.], [1.], [1.], [1.], [1.], [1.], [1.], [1.]

Log: rs.sinajs.cn:99 open through proxy proxy.cse.cuhk.edu.hk:9999 HTTPS
[  39   40    9 1115    9  372   12   48    2  155    2  151    2   89
    2   89    9  132    9  133    9  128    9   85   12   49    2  159
    0    0    0    0    0    0    0    0    0    0    0    0    0    0
    0    0    0    0    0    0    0    0    0    0    0    0    0    0
    0    0    0    0    0    0    0    0    0    0    0    0    0    0
    0    0    0    0    0    0    0    0    0    0    0    0    0    0
    0    0    0    0    0    0    0    0    0    0    0    0    0    0
    0    0    0    0    0    0    0    0    0    0    0    0    0    0]
Wörter: rs.sinajs.cn:99 , Vorhersage: variabel, Werte: [0.999992], [0.9999869], [0.9999957], [0.9999734], [0.99998486], [0.9999882], [0.9998318], [1.], [0.99999666]
Wörter: open through proxy , Vorhersage: statisch, Werte: [5.4569446e-06], [2.3888302e-07], [3.8072787e-10], [5.0686483e-10], [3.4530406e-06], [7.804604e-05]
Wörter: proxy.cse.cuhk.edu.hk:9999 , Vorhersage: variabel, Werte: [0.9999987], [1.], [1.], [1.], [1.], [1.], [1.], [1.], [1.], [0.9999989], [1.], [0.9999995]
Wörter: https, Vorhersage: statisch, Werte: [4.687074e-09]

Log: pic9.zhimg.com:999 close, 9999 bytes (9.99 KB) sent, 9999 bytes (9.99 KB) received, lifetime 99:99
[ 836   11    9 1226    9   84   12   50    2  163    7    2   49    2
  107    2    4   11    9   48    2  109    5    2  164    7    2   49
    2  107    2    4   11    9   48    2  109    5    2  114    7    2
  166    2   48   12   48    0    0    0    0    0    0    0    0    0
    0    0    0    0    0    0    0    0    0    0    0    0    0    0
    0    0    0    0    0    0    0    0    0    0    0    0    0    0
    0    0    0    0    0    0    0    0    0    0    0    0    0    0
    0    0    0    0    0    0    0    0    0    0    0    0    0    0]
Wörter: pic9.zhimg.com:999 , Vorhersage: variabel, Werte: [0.99999356], [1.], [1.], [1.], [0.9999999], [1.], [0.99997616], [1.], [0.9999976]
Wörter: close, , Vorhersage: statisch, Werte: [8.918347e-07], [1.5727156e-06], [5.6969875e-06]
Wörter: 9999 , Vorhersage: variabel, Werte: [0.99999857], [0.9999989]
Wörter: bytes , Vorhersage: statisch, Werte: [8.464027e-06], [6.776056e-05]
Wörter: (9.99 kb) , Vorhersage: variabel, Werte: [0.9999938], [1.], [1.], [1.], [1.], [1.], [1.], [0.9999976]
Wörter: sent, , Vorhersage: statisch, Werte: [3.2033936e-06], [2.778461e-06], [1.3403502e-05]
Wörter: 9999 , Vorhersage: variabel, Werte: [0.99999964], [0.99999976]
Wörter: bytes , Vorhersage: statisch, Werte: [1.326769e-05], [9.651292e-05]
Wörter: (9.99 kb) , Vorhersage: variabel, Werte: [0.999997], [1.], [1.], [1.], [1.], [1.], [1.], [0.9999999]
Wörter: received, lifetime , Vorhersage: statisch, Werte: [0.00015164], [2.804684e-05], [8.604164e-06], [1.7396109e-05], [0.00174086]
Wörter: 99:99, Vorhersage: variabel, Werte: [1.], [1.], [1.]

Log: ping9.teamviewer.com:999 (IPv9) error : Could not connect through proxy proxy.cse.cuhk.edu.hk:9999 - Proxy server cannot establish a connection with the target, status code 999
[1068   11    9  913    9   84   12   50    2    4 1218   11    5    2
  247    2   12    2  336    2  250    2  349    2  151    2   89    2
   89    9  132    9  133    9  128    9   85   12   49    2    8    2
   89    2  337    2  472    2  237    2   22    2  197    2  230    2
  258    2  499    7    2  355    2  425    2   50    0    0    0    0
    0    0    0    0    0    0    0    0    0    0    0    0    0    0
    0    0    0    0    0    0    0    0    0    0    0    0    0    0
    0    0    0    0    0    0    0    0    0    0    0    0    0    0]
Wörter: ping9.teamviewer.com:999 (ipv9) , Vorhersage: variabel, Werte: [0.99999595], [1.], [1.], [1.], [0.9999999], [1.], [0.9999548], [1.], [0.99999964], [0.99993396], [0.99984443], [0.99999964], [0.99995434], [0.99972457]
Wörter: error : could not connect through proxy , Vorhersage: statisch, Werte: [0.07808716], [0.02338351], [0.00600071], [0.00385859], [0.01167263], [0.00309943], [0.00037947], [6.8748384e-05], [3.0763229e-06], [3.4240642e-07], [2.2292153e-10], [1.8950418e-10], [9.523228e-07], [1.5638372e-05]
Wörter: proxy.cse.cuhk.edu.hk:9999 , Vorhersage: variabel, Werte: [0.9999883], [1.], [1.], [1.], [1.], [1.], [1.], [0.99999905], [1.], [0.99979407], [0.9999999], [0.99985385]
Wörter: - proxy server cannot establish a connection with the target, status code , Vorhersage: statisch, Werte: [3.9314627e-06], [1.3188664e-07], [0.00010981], [6.6804e-05], [7.3634465e-07], [8.2256356e-08], [3.818133e-08], [1.2743875e-08], [7.382109e-08], [1.636243e-08], [4.8420807e-06], [1.1104418e-06], [8.89363e-05], [7.3559895e-06], [4.5400939e-10], [4.6452397e-11], [1.2274467e-09], [5.5815147e-10], [9.840208e-10], [5.8588037e-09], [5.7890563e-09], [3.0317847e-06], [2.6453492e-07], [1.2872825e-06], [3.491216e-06]
Wörter: 999, Vorhersage: variabel, Werte: [0.9999912]

Log: Component State Change: Component \999alt9\999 is in the unavailable state (HWID=9999)
[210   2 180   2 252  12   2 210   2  19  50 423  11  19  50   2 102   2
  75   2 258   2 256   2 180   2   4 294  15  49   5   0   0   0   0   0
   0   0   0   0   0   0   0   0   0   0   0   0   0   0   0   0   0   0
   0   0   0   0   0   0   0   0   0   0   0   0   0   0   0   0   0   0
   0   0   0   0   0   0   0   0   0   0   0   0   0   0   0   0   0   0
   0   0   0   0   0   0   0   0   0   0   0   0   0   0   0   0   0   0
   0   0   0   0]
Wörter: component state change: component , Vorhersage: statisch, Werte: [0.00025992], [0.00011568], [4.918183e-05], [2.9871715e-05], [2.3149607e-05], [5.285624e-06], [1.8972137e-06], [2.3217017e-07], [1.9567697e-06]
Wörter: \999alt9\999 , Vorhersage: variabel, Werte: [0.9999647], [1.], [0.9999999], [1.], [1.], [1.], [0.99999976]
Wörter: is in the unavailable state , Vorhersage: statisch, Werte: [6.8132715e-07], [1.5459817e-08], [7.2952866e-11], [1.5838077e-10], [1.5585945e-08], [9.784607e-09], [3.0361482e-06], [1.0675298e-06], [6.7532537e-06], [3.2011805e-05]
Wörter: (hwid=9999), Vorhersage: variabel, Werte: [0.999703], [1.], [1.], [1.], [0.9999999]

Log: unix.hw state_change.unavailable 9999999999 9 Component State Change: Component \999alt9\999 is in the unavailable state (HWID=9999)
[346   9 352   2 180  21 252   9 256   2 186   2  11   2 210   2 180   2
 252  12   2 210   2  19  50 423  11  19  50   2 102   2  75   2 258   2
 256   2 180   2   4 294  15  49   5   0   0   0   0   0   0   0   0   0
   0   0   0   0   0   0   0   0   0   0   0   0   0   0   0   0   0   0
   0   0   0   0   0   0   0   0   0   0   0   0   0   0   0   0   0   0
   0   0   0   0   0   0   0   0   0   0   0   0   0   0   0   0   0   0
   0   0   0   0]
Wörter: unix.hw state_change.unavailable 9999999999 9 , Vorhersage: variabel, Werte: [0.9999927], [0.9999957], [0.9999981], [0.99999964], [0.99996436], [1.], [1.], [0.9999999], [0.99999917], [0.9999999], [1.], [0.99999976], [0.9999999], [0.9999777]
Wörter: component state change: component , Vorhersage: statisch, Werte: [0.00018257], [0.00010013], [0.00012349], [0.00016967], [0.00026943], [9.923825e-05], [5.5329197e-05], [4.0532477e-06], [3.8082908e-05]
Wörter: \999alt9\999 , Vorhersage: variabel, Werte: [0.9999958], [1.], [0.9999999], [1.], [1.], [1.], [0.9999999]
Wörter: is in the unavailable state , Vorhersage: statisch, Werte: [3.7546502e-06], [1.1983441e-07], [3.7178563e-10], [6.5248296e-10], [5.038023e-08], [2.9319175e-08], [8.3808545e-06], [2.8437455e-06], [1.4244788e-05], [6.510945e-05]
Wörter: (hwid=9999), Vorhersage: variabel, Werte: [0.9998324], [1.], [1.], [1.], [0.9999999]

Log: node-999 node status 9999999999 9 configured out
[ 73   8  50   2  73   2 355   2 186   2  11   2 952   2 168   0   0   0
   0   0   0   0   0   0   0   0   0   0   0   0   0   0   0   0   0   0
   0   0   0   0   0   0   0   0   0   0   0   0   0   0   0   0   0   0
   0   0   0   0   0   0   0   0   0   0   0   0   0   0   0   0   0   0
   0   0   0   0   0   0   0   0   0   0   0   0   0   0   0   0   0   0
   0   0   0   0   0   0   0   0   0   0   0   0   0   0   0   0   0   0
   0   0   0   0]
Wörter: node-999 node status 9999999999 9 , Vorhersage: variabel, Werte: [0.99981385], [0.99993765], [1.], [0.9999989], [0.9999943], [0.9999988], [0.99999523], [0.99999845], [1.], [0.9999999], [1.], [0.9999939]
Wörter: configured out, Vorhersage: statisch, Werte: [0.00171097], [0.00053845], [5.546221e-05]

Log: My election bind port: 9.9.9.9/9.9.9.9:9999
[833   2 818   2  23  75  25   2  37 725  12   2  11   9  11   9  11   9
  11  10  11   9  11   9  11   9  11  12  49   0   0   0   0   0   0   0
   0   0   0   0   0   0   0   0   0   0   0   0   0   0   0   0   0   0
   0   0   0   0   0   0   0   0   0   0   0   0   0   0   0   0   0   0
   0   0   0   0   0   0   0   0   0   0   0   0   0   0   0   0   0   0
   0   0   0   0   0   0   0   0   0   0   0   0   0   0   0   0   0   0
   0   0   0   0]
Wörter: my election bind p, Vorhersage: statisch, Werte: [0.00229636], [0.00073207], [1.907243e-05], [1.6588228e-05], [0.32443333], [1.8828943e-05], [0.00037196], [2.194903e-05], [0.28547266]
Wörter: ort, Vorhersage: variabel, Werte: [0.5195506]
Wörter: :, Vorhersage: statisch, Werte: [0.1360524]
Wörter:  9.9.9.9/9.9.9.9:9999, Vorhersage: variabel, Werte: [0.9382628], [1.], [1.], [1.], [1.], [1.], [1.], [1.], [1.], [1.], [1.], [1.], [1.], [1.], [1.], [1.], [1.], [1.]

Log: Closed socket connection for client /99.99.99.99:99999 which had sessionid 9x99f9a99999b999e
[260   2 263   2 197   2 117   2 157   2  10  48   9  48   9  48   9  48
  12  54   2 274   2 227   2 170   2  11  45  48  27  11  22  54  23  50
  26   0   0   0   0   0   0   0   0   0   0   0   0   0   0   0   0   0
   0   0   0   0   0   0   0   0   0   0   0   0   0   0   0   0   0   0
   0   0   0   0   0   0   0   0   0   0   0   0   0   0   0   0   0   0
   0   0   0   0   0   0   0   0   0   0   0   0   0   0   0   0   0   0
   0   0   0   0]
Wörter: closed socket connection for client , Vorhersage: statisch, Werte: [0.00056259], [6.814931e-05], [1.1058615e-06], [5.1343125e-07], [2.8722094e-05], [3.1009595e-06], [1.1777641e-08], [7.862389e-10], [9.342114e-09], [1.3197484e-07]
Wörter: /99.99.99.99:99999 , Vorhersage: variabel, Werte: [0.9999931], [1.], [1.], [1.], [1.], [1.], [1.], [1.], [1.], [1.], [0.9999987]
Wörter: which had sessionid , Vorhersage: statisch, Werte: [5.659258e-09], [7.506191e-11], [8.30547e-12], [1.7926183e-11], [2.9343403e-07], [3.1080353e-06]
Wörter: 9x99f9a99999b999e, Vorhersage: variabel, Werte: [0.9999999], [1.], [1.], [1.], [1.], [1.], [1.], [1.], [1.], [1.]

Log: caught end of stream exception
[1788    2  772    2  130    2  786    2  338    0    0    0    0    0
    0    0    0    0    0    0    0    0    0    0    0    0    0    0
    0    0    0    0    0    0    0    0    0    0    0    0    0    0
    0    0    0    0    0    0    0    0    0    0    0    0    0    0
    0    0    0    0    0    0    0    0    0    0    0    0    0    0
    0    0    0    0    0    0    0    0    0    0    0    0    0    0
    0    0    0    0    0    0    0    0    0    0    0    0    0    0
    0    0    0    0    0    0    0    0    0    0    0    0    0    0]
Wörter: caught end of stream exception, Vorhersage: statisch, Werte: [0.00588915], [0.00080673], [3.6333415e-05], [6.409202e-06], [1.5649262e-05], [9.710366e-06], [0.33724377], [0.04523884], [0.00029332]
Model: "sequential"
┏━━━━━━━━━━━━━━━━━━━━━━━━━━━━━━━━━━━━━━┳━━━━━━━━━━━━━━━━━━━━━━━━━━━━━┳━━━━━━━━━━━━━━━━━┓
┃ Layer (type)                         ┃ Output Shape                ┃         Param # ┃
┡━━━━━━━━━━━━━━━━━━━━━━━━━━━━━━━━━━━━━━╇━━━━━━━━━━━━━━━━━━━━━━━━━━━━━╇━━━━━━━━━━━━━━━━━┩
│ embedding (Embedding)                │ (None, 112, 64)             │         123,904 │
├──────────────────────────────────────┼─────────────────────────────┼─────────────────┤
│ bidirectional (Bidirectional)        │ (None, 112, 256)            │         148,992 │
├──────────────────────────────────────┼─────────────────────────────┼─────────────────┤
│ time_distributed (TimeDistributed)   │ (None, 112, 128)            │          32,896 │
├──────────────────────────────────────┼─────────────────────────────┼─────────────────┤
│ dropout (Dropout)                    │ (None, 112, 128)            │               0 │
├──────────────────────────────────────┼─────────────────────────────┼─────────────────┤
│ time_distributed_1 (TimeDistributed) │ (None, 112, 1)              │             129 │
└──────────────────────────────────────┴─────────────────────────────┴─────────────────┘
 Total params: 917,765 (3.50 MB)
 Trainable params: 305,921 (1.17 MB)
 Non-trainable params: 0 (0.00 B)
 Optimizer params: 611,844 (2.33 MB)

Training auf folgende Datei: Datensätze/Vorbereitete Daten - Beispiel/bgl_v1/2k/BGL_2k_evaluate_content.txt
Total Trainings-Loss: [0.09754437953233719, 0.011007552035152912, 0.004294987767934799, 0.0029188774060457945, 0.0020492433104664087, 0.0013585363049060106, 0.0008540351409465075, 0.001020049094222486, 0.0004985921550542116, 0.0005533996154554188]
Total Trainings-Accuracy: [0.9681531190872192, 0.9968525767326355, 0.9988102316856384, 0.9991599917411804, 0.9994363784790039, 0.999622106552124, 0.9997680187225342, 0.9996353983879089, 0.9998413920402527, 0.9998104572296143]
Total Validierungs-Loss: [0.01795659400522709, 0.006322497967630625, 0.00370447663590312, 0.004225041717290878, 0.0022955690510571003, 0.0019680021796375513, 0.0024539181031286716, 0.0023121952544897795, 0.0012107683578506112, 0.00214270013384521]
Total Validierungs-Accuracy: [0.9948696494102478, 0.9983218312263489, 0.9989031553268433, 0.998424768447876, 0.9994038343429565, 0.9994627237319946, 0.9993595480918884, 0.9993153810501099, 0.9996245503425598, 0.9992051720619202]
