Loss: 0.007707715034484863, Accuracy: 0.9973733425140381

Log: 9 ddr errors(s) detected and corrected on rank 9, symbol 9, bit 9
[ 13   2 250   2 589   5  37   6   2 144   2 165   2 175   2 229   2 321
   2  13   9   2 310   2  13   9   2 482   2  13   0   0   0   0   0   0
   0   0   0   0   0   0   0   0   0   0   0   0   0   0   0   0   0   0
   0   0   0   0   0   0   0   0   0   0   0   0   0   0   0   0   0   0
   0   0   0   0   0   0   0   0   0   0   0   0   0   0   0   0   0   0
   0   0   0   0   0   0   0   0   0   0   0   0   0   0   0   0   0   0
   0   0   0   0   0   0   0   0   0   0   0   0   0   0   0   0   0   0
   0   0   0   0   0   0   0   0   0   0   0   0   0   0   0   0   0   0
   0   0   0   0   0   0   0   0   0   0   0   0   0   0]
Wörter: 9 , Vorhersage: variabel, Werte: [0.97760165], [0.96973485]
Wörter: ddr errors(s) detected and corrected on rank , Vorhersage: statisch, Werte: [0.00542605], [0.00081775], [0.08415579], [0.16395736], [1.50010255e-05], [0.00016524], [9.627752e-05], [0.00352685], [0.00218314], [0.00016644], [0.00021386], [0.11018139], [0.14809228], [0.0001286], [8.141025e-05], [0.0030968], [0.01537822]
Wörter: 9, , Vorhersage: variabel, Werte: [0.993601], [0.9984836], [0.9950781]
Wörter: symbol , Vorhersage: statisch, Werte: [0.00456358], [0.00117124]
Wörter: 9, bit 9, Vorhersage: variabel, Werte: [0.99106276], [0.99862146], [0.9942814], [0.8687987], [0.81495655], [0.99255615]

Log: instruction cache parity error corrected
[422   2 526   2 594   2  94   2 175   0   0   0   0   0   0   0   0   0
   0   0   0   0   0   0   0   0   0   0   0   0   0   0   0   0   0   0
   0   0   0   0   0   0   0   0   0   0   0   0   0   0   0   0   0   0
   0   0   0   0   0   0   0   0   0   0   0   0   0   0   0   0   0   0
   0   0   0   0   0   0   0   0   0   0   0   0   0   0   0   0   0   0
   0   0   0   0   0   0   0   0   0   0   0   0   0   0   0   0   0   0
   0   0   0   0   0   0   0   0   0   0   0   0   0   0   0   0   0   0
   0   0   0   0   0   0   0   0   0   0   0   0   0   0   0   0   0   0
   0   0   0   0   0   0   0   0   0   0   0   0   0   0]
Wörter: instruction cache parity error corrected, Vorhersage: statisch, Werte: [0.1286101], [0.07130774], [0.00649034], [0.00388215], [0.03733083], [0.05007919], [0.17795174], [0.1127002], [0.42566296]

Log: total of 99 ddr error(s) detected and corrected
[342   2 187   2  45   2 250   2  94   5  37   6   2 144   2 165   2 175
   0   0   0   0   0   0   0   0   0   0   0   0   0   0   0   0   0   0
   0   0   0   0   0   0   0   0   0   0   0   0   0   0   0   0   0   0
   0   0   0   0   0   0   0   0   0   0   0   0   0   0   0   0   0   0
   0   0   0   0   0   0   0   0   0   0   0   0   0   0   0   0   0   0
   0   0   0   0   0   0   0   0   0   0   0   0   0   0   0   0   0   0
   0   0   0   0   0   0   0   0   0   0   0   0   0   0   0   0   0   0
   0   0   0   0   0   0   0   0   0   0   0   0   0   0   0   0   0   0
   0   0   0   0   0   0   0   0   0   0   0   0   0   0]
Wörter: total of , Vorhersage: statisch, Werte: [0.00343981], [0.00240036], [0.00067345], [0.00087093]
Wörter: 99 , Vorhersage: variabel, Werte: [0.9996829], [0.9991423]
Wörter: ddr error(s) detected and corrected, Vorhersage: statisch, Werte: [0.00060625], [3.1159096e-05], [0.00155616], [0.00730301], [2.7303213e-06], [7.715199e-05], [7.9223435e-05], [0.00468112], [0.0032816], [0.00062794], [0.00085683], [0.03026639]

Log: 99.999.9.9:99999 Served block blk_-99999999999999999 to /99.999.9.9
[  45   11   48   11   13   11   13   14   65    2  157  471    2  483
    2 1107   29   18   10  139   13    2  212    2   12   45   11   48
   11   13   11   13    0    0    0    0    0    0    0    0    0    0
    0    0    0    0    0    0    0    0    0    0    0    0    0    0
    0    0    0    0    0    0    0    0    0    0    0    0    0    0
    0    0    0    0    0    0    0    0    0    0    0    0    0    0
    0    0    0    0    0    0    0    0    0    0    0    0    0    0
    0    0    0    0    0    0    0    0    0    0    0    0    0    0
    0    0    0    0    0    0    0    0    0    0    0    0    0    0
    0    0    0    0    0    0    0    0    0    0    0    0    0    0
    0    0    0    0    0    0    0    0    0    0    0    0    0    0
    0    0    0    0]
Wörter: 99.999.9.9:99999 served , Vorhersage: variabel, Werte: [0.99994195], [0.9997738], [0.9999875], [0.999905], [0.9999511], [0.99962485], [0.99990547], [0.9995426], [0.9999846], [0.9999697], [0.9866427], [0.7085286], [0.63109267]
Wörter: block bl, Vorhersage: statisch, Werte: [0.01283539], [0.01140135], [0.33528677]
Wörter: k_-99999999999999999 , Vorhersage: variabel, Werte: [0.97673506], [0.9890261], [0.98945504], [0.98588586], [0.9989635], [0.99869376]
Wörter: to , Vorhersage: statisch, Werte: [0.02552428], [0.01641119]
Wörter: /99.999.9.9, Vorhersage: variabel, Werte: [0.99392337], [0.9999975], [0.99997747], [0.99998605], [0.99980015], [0.9998722], [0.998485], [0.9984848]

Log: BLOCK* NameSystem.allocateBlock: /mnt/hadoop/mapred/system/job_999999999999_9999/job.jar. blk_9999999999999999999
[ 483    7    2   32   19  126 1279   31   11 1590  483   14    2   12
   31  137   12   26   95   33  620   12   60   72   67   12 1279   31
   12 1173   18   62   46   18   46   12 1173   11   28   47   11    2
 1107   29   18  139   48    0    0    0    0    0    0    0    0    0
    0    0    0    0    0    0    0    0    0    0    0    0    0    0
    0    0    0    0    0    0    0    0    0    0    0    0    0    0
    0    0    0    0    0    0    0    0    0    0    0    0    0    0
    0    0    0    0    0    0    0    0    0    0    0    0    0    0
    0    0    0    0    0    0    0    0    0    0    0    0    0    0
    0    0    0    0    0    0    0    0    0    0    0    0    0    0
    0    0    0    0    0    0    0    0    0    0    0    0    0    0
    0    0    0    0]
Wörter: block* , Vorhersage: statisch, Werte: [0.01152087], [0.01754194], [0.01864251]
Wörter: name, Vorhersage: variabel, Werte: [0.6009398], [0.8564824], [0.6369686]
Wörter: syste, Vorhersage: statisch, Werte: [0.4346048]
Wörter: m.allocate, Vorhersage: variabel, Werte: [0.9532844], [0.93744576], [0.50553066]
Wörter: block: , Vorhersage: statisch, Werte: [0.01136281], [0.01286691], [0.0931574]
Wörter: /mnt/hadoop/mapred/system/job_999999999999_9999/job.jar. blk_9999999999999999999, Vorhersage: variabel, Werte: [0.98737437], [0.9986576], [0.99789315], [0.99851626], [0.99687564], [0.99752444], [0.99705434], [0.9916678], [0.9973213], [0.9961008], [0.9902982], [0.9947632], [0.99869615], [0.9975107], [0.99931026], [0.9998276], [0.99901605], [0.9983748], [0.99999285], [0.99999964], [0.99999774], [0.99999845], [0.99999666], [0.9996538], [0.9830089], [0.9994566], [0.99839574], [0.9787178], [0.9678545], [0.91847706], [0.98725325], [0.99340844], [0.9868548], [0.9994616]

Log: 99.999.99.999:99999 Starting thread to transfer block blk_-9999999999999999999 to 99.999.999.999:99999, 99.999.99.999:99999
[  45   11   48   11   45   11   48   14   65    2  518  381    2  216
  516    2  212    2  470   37   24   56    2  483    2 1107   29   18
   10  139   48    2  212    2   45   11   48   11   48   11   48   14
   65    9    2   45   11   48   11   45   11   48   14   65    0    0
    0    0    0    0    0    0    0    0    0    0    0    0    0    0
    0    0    0    0    0    0    0    0    0    0    0    0    0    0
    0    0    0    0    0    0    0    0    0    0    0    0    0    0
    0    0    0    0    0    0    0    0    0    0    0    0    0    0
    0    0    0    0    0    0    0    0    0    0    0    0    0    0
    0    0    0    0    0    0    0    0    0    0    0    0    0    0
    0    0    0    0    0    0    0    0    0    0    0    0    0    0
    0    0    0    0]
Wörter: 99.999.99.999:99999 starting th, Vorhersage: variabel, Werte: [0.9999583], [0.99985945], [0.9999932], [0.99996114], [0.99999976], [0.9999957], [0.99999845], [0.9999807], [0.99999666], [0.9999882], [0.9890983], [0.8233138], [0.7688653], [0.74888647]
Wörter: read to transfer block bl, Vorhersage: statisch, Werte: [0.4055237], [0.16772476], [0.00105042], [0.00051053], [0.00984178], [6.1704636e-06], [0.00976081], [0.00219353], [0.00079017], [0.00030747], [0.0004086], [0.02745704]
Wörter: k_-9999999999999999999 , Vorhersage: variabel, Werte: [0.92188025], [0.974836], [0.98331994], [0.9835247], [0.99985576], [0.9998061]
Wörter: to , Vorhersage: statisch, Werte: [0.04104292], [0.01454482]
Wörter: 99.999.999.999:99999, 99.999.99.999:99999, Vorhersage: variabel, Werte: [0.9999975], [0.9999907], [0.99999416], [0.999944], [0.99999774], [0.9999877], [0.9999989], [0.9999938], [0.9999993], [0.99999964], [0.9999968], [0.9999999], [0.99999905], [0.9999995], [0.9999937], [0.9999999], [0.999998], [0.9999987], [0.9999747], [0.99998474]

Log: rs.sinajs.cn:99 open through proxy proxy.cse.cuhk.edu.hk:9999 HTTPS
[  36   37   11   37   53   19   28   37   11   21   32   14   45    2
 1512    2  216 1206   25   26    2 1294    2 1294   11   21  286   11
   21   39   26   29   11   67   39   11   26   29   14   46    2  774
   38  222    0    0    0    0    0    0    0    0    0    0    0    0
    0    0    0    0    0    0    0    0    0    0    0    0    0    0
    0    0    0    0    0    0    0    0    0    0    0    0    0    0
    0    0    0    0    0    0    0    0    0    0    0    0    0    0
    0    0    0    0    0    0    0    0    0    0    0    0    0    0
    0    0    0    0    0    0    0    0    0    0    0    0    0    0
    0    0    0    0    0    0    0    0    0    0    0    0    0    0
    0    0    0    0    0    0    0    0    0    0    0    0    0    0
    0    0    0    0]
Wörter: r, Vorhersage: variabel, Werte: [0.9254729]
Wörter: s.sinajs., Vorhersage: statisch, Werte: [0.0010023], [0.00075585], [3.5496444e-07], [2.5641866e-05], [0.00022752], [0.4699148], [6.519159e-05], [0.00018639]
Wörter: c, Vorhersage: variabel, Werte: [0.6772338]
Wörter: n:, Vorhersage: statisch, Werte: [0.36509475], [0.16985115]
Wörter: 99 , Vorhersage: variabel, Werte: [0.9997962], [0.9993088]
Wörter: open throu, Vorhersage: statisch, Werte: [0.3318966], [0.02578037], [0.28161725], [0.39947554]
Wörter: gh proxy, Vorhersage: variabel, Werte: [0.9440205], [0.8876431], [0.70659816], [0.51349777]
Wörter:  , Vorhersage: statisch, Werte: [0.49733835]
Wörter: proxy.cse.cuhk.edu.hk:9999 https, Vorhersage: variabel, Werte: [0.8714925], [0.9093877], [0.99942183], [0.99894017], [0.9924085], [0.99984276], [0.9999881], [0.9999052], [0.9995926], [0.99815196], [0.9982494], [0.99990296], [0.9995901], [0.99483705], [0.99690515], [0.99482155], [0.9998499], [0.99980885], [0.96508104], [0.9904604], [0.9671067]

Log: pic9.zhimg.com:999 close, 9999 bytes (9.99 KB) sent, 9999 bytes (9.99 KB) received, lifetime 99:99
[  34  429   13   11   44   26  330   25   11  163   31   14   48    2
 1546    9    2   46    2  847   37    2    5   13   11   45    2  680
    6    2  692    9    2   46    2  847   37    2    5   13   11   45
    2  680    6    2  496    9    2  356  208  438    2   45   14   45
    0    0    0    0    0    0    0    0    0    0    0    0    0    0
    0    0    0    0    0    0    0    0    0    0    0    0    0    0
    0    0    0    0    0    0    0    0    0    0    0    0    0    0
    0    0    0    0    0    0    0    0    0    0    0    0    0    0
    0    0    0    0    0    0    0    0    0    0    0    0    0    0
    0    0    0    0    0    0    0    0    0    0    0    0    0    0
    0    0    0    0    0    0    0    0    0    0    0    0    0    0
    0    0    0    0]
Wörter: pic, Vorhersage: statisch, Werte: [0.12452107], [0.2775349]
Wörter: 9.zhimg.com:999 , Vorhersage: variabel, Werte: [0.98490727], [0.97453487], [0.9919893], [0.986439], [0.9658142], [0.9902992], [0.9853593], [0.9723981], [0.9964001], [0.9967153], [0.9999695], [0.9999404]
Wörter: close, Vorhersage: statisch, Werte: [0.28859842]
Wörter: , 9999 , Vorhersage: variabel, Werte: [0.7087681], [0.80469805], [0.99970657], [0.99960643]
Wörter: bytes (, Vorhersage: statisch, Werte: [0.01822789], [1.5759525e-07], [2.1229816e-06], [0.00402587]
Wörter: 9.99 kb) , Vorhersage: variabel, Werte: [0.9687488], [0.9489356], [0.9999161], [0.9995826], [0.9744124], [0.9816443], [0.9792739]
Wörter: sent, Vorhersage: statisch, Werte: [0.02267772]
Wörter: , 9999 , Vorhersage: variabel, Werte: [0.6976], [0.74826276], [0.99944097], [0.9992447]
Wörter: bytes (, Vorhersage: statisch, Werte: [0.01973022], [2.1655319e-07], [2.5686354e-06], [0.00427543]
Wörter: 9.99 kb) , Vorhersage: variabel, Werte: [0.96942824], [0.95040715], [0.9999114], [0.99955493], [0.97259563], [0.9797106], [0.9782146]
Wörter: received, Vorhersage: statisch, Werte: [0.03507645]
Wörter: , life, Vorhersage: variabel, Werte: [0.75698304], [0.806032], [0.7564798], [0.85203767]
Wörter: time , Vorhersage: statisch, Werte: [0.02776653], [0.0520132]
Wörter: 99:99, Vorhersage: variabel, Werte: [0.9999596], [0.999796], [0.99998677]

Log: ping9.teamviewer.com:999 (IPv9) error : Could not connect through proxy proxy.cse.cuhk.edu.hk:9999 - Proxy server cannot establish a connection with the target, status code 999
[1199   13   11  182  445   40   27   23  543   11  163   31   14   48
    2    5  169   40   13    6    2   94    2   14    2   21  103 1179
    2  115    2 1027    2  216 1206   25   26    2 1294    2 1294   11
   21  286   11   21   39   26   29   11   67   39   11   26   29   14
   46    2   10    2 1294    2  646    2 1416    2   23  549   30  214
   26    2   19    2 1081    2   41   27  216    2  246    2   38   47
  971    9    2  557    2  459    2   48    0    0    0    0    0    0
    0    0    0    0    0    0    0    0    0    0    0    0    0    0
    0    0    0    0    0    0    0    0    0    0    0    0    0    0
    0    0    0    0    0    0    0    0    0    0    0    0    0    0
    0    0    0    0    0    0    0    0    0    0    0    0    0    0
    0    0    0    0]
Wörter: ping9.teamviewer.com:999 (ipv9) , Vorhersage: variabel, Werte: [0.6541461], [0.9905194], [0.98085195], [0.94929385], [0.91995955], [0.98777986], [0.9868565], [0.99910647], [0.9977476], [0.9876009], [0.9659553], [0.9964694], [0.9972676], [0.9999782], [0.99996626], [0.9944727], [0.99635905], [0.999438], [0.9999527], [0.99990845], [0.99874145]
Wörter: error , Vorhersage: statisch, Werte: [0.3400827], [0.14741273]
Wörter: : could, Vorhersage: variabel, Werte: [0.6730487], [0.92154294], [0.9997925], [0.99895453], [0.9535059]
Wörter:  not connect throu, Vorhersage: statisch, Werte: [0.2993661], [5.160199e-05], [4.076251e-05], [0.00239719], [0.00464872], [0.02793512], [0.03237494]
Wörter: gh, Vorhersage: variabel, Werte: [0.59821665], [0.5065105]
Wörter:  proxy , Vorhersage: statisch, Werte: [0.35129762], [0.3355428], [0.3468784]
Wörter: proxy.cse.cuhk.edu.hk:9999 - proxy , Vorhersage: variabel, Werte: [0.81312335], [0.884129], [0.9993487], [0.9988249], [0.9921531], [0.9998419], [0.9999881], [0.99990976], [0.99963105], [0.9983866], [0.99853635], [0.99992275], [0.9996891], [0.99633247], [0.9979492], [0.9967326], [0.9999093], [0.9998791], [0.9860734], [0.97099036], [0.90369123], [0.657189]
Wörter: server cannot , Vorhersage: statisch, Werte: [0.00349541], [0.00127322], [0.00191404], [0.0028072]
Wörter: estab, Vorhersage: variabel, Werte: [0.9751958], [0.9346011]
Wörter: lish a connection with the , Vorhersage: statisch, Werte: [0.00343762], [7.762139e-06], [3.6871967e-05], [3.8865193e-05], [0.00231958], [0.00257998], [0.00056404], [0.00039236], [0.01021207], [0.02231003], [0.01608804], [0.00821726], [7.6812394e-05], [0.00010264]
Wörter: tar, Vorhersage: variabel, Werte: [0.71680075], [0.7047476]
Wörter: get, Vorhersage: statisch, Werte: [0.31350657]
Wörter: , status code 999, Vorhersage: variabel, Werte: [0.9116842], [0.8828265], [0.77480483], [0.60711455], [0.9653896], [0.9798569], [0.9995105]

Log: Component State Change: Component \999alt9\999 is in the unavailable state (HWID=9999)
[ 647   33  211  137    2  293    2   64  501   98   14    2  647   33
  211  137    2   48   83   38   13   48    2  214    2   53    2  246
    2  232   19 1228  167  277    2  293    2    5   26  935   15   46
    6    0    0    0    0    0    0    0    0    0    0    0    0    0
    0    0    0    0    0    0    0    0    0    0    0    0    0    0
    0    0    0    0    0    0    0    0    0    0    0    0    0    0
    0    0    0    0    0    0    0    0    0    0    0    0    0    0
    0    0    0    0    0    0    0    0    0    0    0    0    0    0
    0    0    0    0    0    0    0    0    0    0    0    0    0    0
    0    0    0    0    0    0    0    0    0    0    0    0    0    0
    0    0    0    0    0    0    0    0    0    0    0    0    0    0
    0    0    0    0]
Wörter: component , Vorhersage: variabel, Werte: [0.86842626], [0.92283183], [0.9380687], [0.8695118], [0.6734583]
Wörter: state , Vorhersage: statisch, Werte: [0.07365], [0.0864933]
Wörter: chan, Vorhersage: variabel, Werte: [0.57720435], [0.5479035]
Wörter: ge:, Vorhersage: statisch, Werte: [0.4560065], [0.29253542]
Wörter:  component 999alt9999 , Vorhersage: variabel, Werte: [0.5615322], [0.97576785], [0.98415226], [0.9833679], [0.96931267], [0.97820264], [0.99996066], [0.9998796], [0.99982613], [0.9999776], [0.99999905], [0.99998593]
Wörter: is in the unavailable state , Vorhersage: statisch, Werte: [0.00098081], [1.5318828e-05], [0.00232918], [0.00369242], [8.865054e-06], [6.695481e-06], [0.00057363], [0.00421185], [0.01359767], [0.01526622], [0.01069585], [0.00609413], [0.01213687], [0.02420891]
Wörter: (hwid=9999), Vorhersage: variabel, Werte: [0.6963686], [0.7772747], [0.7964716], [0.9938632], [0.99965775], [0.998978]

Log: unix.hw state_change.unavailable 9999999999 9 Component State Change: Component \999alt9\999 is in the unavailable state (HWID=9999)
[ 232   27   42   11 1161    2  293   18   64  501   98   11  232   19
 1228  167  277    2  805    2   13    2  647   33  211  137    2  293
    2   64  501   98   14    2  647   33  211  137    2   48   83   38
   13   48    2  214    2   53    2  246    2  232   19 1228  167  277
    2  293    2    5   26  935   15   46    6    0    0    0    0    0
    0    0    0    0    0    0    0    0    0    0    0    0    0    0
    0    0    0    0    0    0    0    0    0    0    0    0    0    0
    0    0    0    0    0    0    0    0    0    0    0    0    0    0
    0    0    0    0    0    0    0    0    0    0    0    0    0    0
    0    0    0    0    0    0    0    0    0    0    0    0    0    0
    0    0    0    0    0    0    0    0    0    0    0    0    0    0
    0    0    0    0]
Wörter: unix.hw , Vorhersage: variabel, Werte: [0.5761059], [0.7800477], [0.9983151], [0.99575186], [0.9676588], [0.915231]
Wörter: state, Vorhersage: statisch, Werte: [0.2822585]
Wörter: _change.unavailable 9999999999 9 component , Vorhersage: variabel, Werte: [0.8306078], [0.8900833], [0.8716329], [0.84672135], [0.799519], [0.76032996], [0.86593324], [0.8977558], [0.83076316], [0.58945125], [0.55977], [0.9941147], [0.9960884], [0.99936837], [0.9989213], [0.98721796], [0.979731], [0.9764415], [0.9395631], [0.8146493]
Wörter: state , Vorhersage: statisch, Werte: [0.08632385], [0.09339919]
Wörter: chan, Vorhersage: variabel, Werte: [0.60412717], [0.5677376]
Wörter: ge:, Vorhersage: statisch, Werte: [0.46374914], [0.2945552]
Wörter:  component 999alt9999 , Vorhersage: variabel, Werte: [0.5638055], [0.97592986], [0.9842455], [0.983435], [0.96939856], [0.9782733], [0.99996066], [0.99987984], [0.9998264], [0.9999777], [0.99999905], [0.99998593]
Wörter: is in the unavailable state , Vorhersage: statisch, Werte: [0.00098062], [1.5308518e-05], [0.00232779], [0.00369051], [8.852415e-06], [6.682914e-06], [0.00057227], [0.00419922], [0.01354586], [0.01519015], [0.0106272], [0.00604693], [0.01199691], [0.02387971]
Wörter: (hwid=9999), Vorhersage: variabel, Werte: [0.69627887], [0.7788596], [0.79802346], [0.99397296], [0.9996642], [0.9989938]

Log: node-999 node status 9999999999 9 configured out
[ 79  10  48   2  79   2 557   2 805   2  13   2 846 298  67   2 349   0
   0   0   0   0   0   0   0   0   0   0   0   0   0   0   0   0   0   0
   0   0   0   0   0   0   0   0   0   0   0   0   0   0   0   0   0   0
   0   0   0   0   0   0   0   0   0   0   0   0   0   0   0   0   0   0
   0   0   0   0   0   0   0   0   0   0   0   0   0   0   0   0   0   0
   0   0   0   0   0   0   0   0   0   0   0   0   0   0   0   0   0   0
   0   0   0   0   0   0   0   0   0   0   0   0   0   0   0   0   0   0
   0   0   0   0   0   0   0   0   0   0   0   0   0   0   0   0   0   0
   0   0   0   0   0   0   0   0   0   0   0   0   0   0]
Wörter: node-, Vorhersage: statisch, Werte: [0.00745961], [0.06931575]
Wörter: 999 , Vorhersage: variabel, Werte: [0.9939937], [0.9915454]
Wörter: node status , Vorhersage: statisch, Werte: [0.00164757], [0.00023292], [0.017468], [0.03542444]
Wörter: 9999999999 9 configured , Vorhersage: variabel, Werte: [0.9673186], [0.96304387], [0.9963743], [0.99336064], [0.7695736], [0.58431166], [0.830468], [0.7776552]
Wörter: out, Vorhersage: statisch, Werte: [0.00019959]

Log: My election bind port: 9.9.9.9/9.9.9.9:9999
[ 31  43   2 177  81 114   2 354  22   2 791  14   2  13  11  13  11  13
  11  13  12  13  11  13  11  13  11  13  14  46   0   0   0   0   0   0
   0   0   0   0   0   0   0   0   0   0   0   0   0   0   0   0   0   0
   0   0   0   0   0   0   0   0   0   0   0   0   0   0   0   0   0   0
   0   0   0   0   0   0   0   0   0   0   0   0   0   0   0   0   0   0
   0   0   0   0   0   0   0   0   0   0   0   0   0   0   0   0   0   0
   0   0   0   0   0   0   0   0   0   0   0   0   0   0   0   0   0   0
   0   0   0   0   0   0   0   0   0   0   0   0   0   0   0   0   0   0
   0   0   0   0   0   0   0   0   0   0   0   0   0   0]
Wörter: my election bind , Vorhersage: variabel, Werte: [0.97622585], [0.9978678], [0.9986166], [0.97857684], [0.8992169], [0.7119106], [0.7474552], [0.98953855], [0.9986386], [0.9984119]
Wörter: port: , Vorhersage: statisch, Werte: [0.19085361], [0.02838982], [0.26980606]
Wörter: 9.9.9.9/9.9.9.9:9999, Vorhersage: variabel, Werte: [0.999398], [0.99866724], [0.9996625], [0.9983119], [0.99978465], [0.99921644], [0.99988365], [0.9999341], [0.9999894], [0.9998634], [0.9999229], [0.99944836], [0.99985635], [0.9991109], [0.99976283], [0.9984993], [0.9996006]

Log: Closed socket connection for client /99.99.99.99:99999 which had sessionid 9x99f9a99999b999e
[1126   37   67    2  599    2 1081    2  159    2   21  356  248    2
   12   45   11   45   11   45   11   45   14   65    2   41   26   27
   64    2   26   95    2  286 1289   84    2   13   42   45   24   13
   19   65   20   48   23    0    0    0    0    0    0    0    0    0
    0    0    0    0    0    0    0    0    0    0    0    0    0    0
    0    0    0    0    0    0    0    0    0    0    0    0    0    0
    0    0    0    0    0    0    0    0    0    0    0    0    0    0
    0    0    0    0    0    0    0    0    0    0    0    0    0    0
    0    0    0    0    0    0    0    0    0    0    0    0    0    0
    0    0    0    0    0    0    0    0    0    0    0    0    0    0
    0    0    0    0    0    0    0    0    0    0    0    0    0    0
    0    0    0    0]
Wörter: closed socket connection for , Vorhersage: statisch, Werte: [0.06499638], [1.6206935e-05], [0.00029064], [0.00011414], [0.00089902], [0.00065546], [0.00025534], [0.00018715], [0.00026133], [0.00097502]
Wörter: client /99.99.99.99:99999 which had session, Vorhersage: variabel, Werte: [0.9989492], [0.9978849], [0.9659182], [0.8994554], [0.998933], [0.9999995], [0.9999974], [0.9999999], [0.99999845], [1.], [0.9999989], [1.], [0.99999845], [0.99999857], [0.9999926], [0.9912009], [0.88421607], [0.8898748], [0.8643374], [0.8232117], [0.81531006], [0.97157615], [0.9702411], [0.91811395], [0.7129684]
Wörter: id , Vorhersage: statisch, Werte: [0.04253224], [0.22738825]
Wörter: 9x99f9a99999b999e, Vorhersage: variabel, Werte: [0.99961925], [0.9999981], [1.], [1.], [0.9999999], [0.9999924], [0.9999981], [0.99999976], [1.], [0.99999917]

Log: caught end of stream exception
[265  39  25 774   2 895   2 187   2 561   2 312   0   0   0   0   0   0
   0   0   0   0   0   0   0   0   0   0   0   0   0   0   0   0   0   0
   0   0   0   0   0   0   0   0   0   0   0   0   0   0   0   0   0   0
   0   0   0   0   0   0   0   0   0   0   0   0   0   0   0   0   0   0
   0   0   0   0   0   0   0   0   0   0   0   0   0   0   0   0   0   0
   0   0   0   0   0   0   0   0   0   0   0   0   0   0   0   0   0   0
   0   0   0   0   0   0   0   0   0   0   0   0   0   0   0   0   0   0
   0   0   0   0   0   0   0   0   0   0   0   0   0   0   0   0   0   0
   0   0   0   0   0   0   0   0   0   0   0   0   0   0]
Wörter: caught end , Vorhersage: variabel, Werte: [0.90064216], [0.9969619], [0.9987978], [0.99139786], [0.972771], [0.8132668], [0.673052]
Wörter: of stream exception, Vorhersage: statisch, Werte: [0.00574994], [0.00166525], [0.0101754], [0.00728353], [0.00274256]
Model: "sequential"
┏━━━━━━━━━━━━━━━━━━━━━━━━━━━━━━━━━━━━━━┳━━━━━━━━━━━━━━━━━━━━━━━━━━━━━┳━━━━━━━━━━━━━━━━━┓
┃ Layer (type)                         ┃ Output Shape                ┃         Param # ┃
┡━━━━━━━━━━━━━━━━━━━━━━━━━━━━━━━━━━━━━━╇━━━━━━━━━━━━━━━━━━━━━━━━━━━━━╇━━━━━━━━━━━━━━━━━┩
│ embedding (Embedding)                │ (None, 158, 64)             │         104,192 │
├──────────────────────────────────────┼─────────────────────────────┼─────────────────┤
│ bidirectional (Bidirectional)        │ (None, 158, 256)            │         148,992 │
├──────────────────────────────────────┼─────────────────────────────┼─────────────────┤
│ time_distributed (TimeDistributed)   │ (None, 158, 128)            │          32,896 │
├──────────────────────────────────────┼─────────────────────────────┼─────────────────┤
│ dropout (Dropout)                    │ (None, 158, 128)            │               0 │
├──────────────────────────────────────┼─────────────────────────────┼─────────────────┤
│ time_distributed_1 (TimeDistributed) │ (None, 158, 1)              │             129 │
└──────────────────────────────────────┴─────────────────────────────┴─────────────────┘
 Total params: 858,629 (3.28 MB)
 Trainable params: 286,209 (1.09 MB)
 Non-trainable params: 0 (0.00 B)
 Optimizer params: 572,420 (2.18 MB)

Training auf folgende Datei: Datensätze/Vorbereitete Daten - Beispiel/bgl_v1/2k/BGL_2k_evaluate_content.txt
Total Trainings-Loss: [0.1479671597480774, 0.027920879423618317, 0.013949989341199398, 0.009917751885950565, 0.008063182234764099, 0.006841379217803478, 0.005967372562736273, 0.005094112362712622, 0.004253460094332695, 0.003614355344325304]
Total Trainings-Accuracy: [0.9567404985427856, 0.9902452826499939, 0.9958900213241577, 0.9971281290054321, 0.9976820349693298, 0.9979430437088013, 0.9980776906013489, 0.9983070492744446, 0.9985721111297607, 0.9988687634468079]
Total Validierungs-Loss: [0.04488110542297363, 0.01785469613969326, 0.011338071897625923, 0.009422339498996735, 0.008479826152324677, 0.008151834830641747, 0.008135335519909859, 0.007828977890312672, 0.008259166963398457, 0.007707672193646431]
Total Validierungs-Accuracy: [0.9823101758956909, 0.9939398765563965, 0.9957278370857239, 0.996408224105835, 0.9967089295387268, 0.9970411658287048, 0.9969461560249329, 0.9972468614578247, 0.9970569610595703, 0.9973734021186829]
