Loss: 0.0019219022942706943, Accuracy: 0.9993528723716736

Log: 9 ddr errors(s) detected and corrected on rank 9, symbol 9, bit 9
[  9   2  21  21  33   2 279   3  34   4   2 189   2 109   2  20  58 148
 184   2  51   2  33  57  27   2   9   2  64 170  31  28   2   9   2  19
 269   2   9   0   0   0   0   0   0   0   0   0   0   0   0   0   0   0
   0   0   0   0   0   0   0   0   0   0   0   0   0   0   0   0   0   0
   0   0   0   0   0   0   0   0   0   0   0   0   0]
Wörter: 9 ddr , Vorhersage: variabel, Werte: [0.99999297], [0.99994934], [0.99990475], [0.9999467], [0.99815434], [0.9787365]
Wörter: errors(s) detected and c, Vorhersage: statisch, Werte: [0.00353801], [0.04881553], [0.03493978], [0.00340909], [0.00045243], [1.216406e-06], [1.1670705e-06], [4.6905157e-06], [1.0671883e-05], [0.02815341]
Wörter: orrected, Vorhersage: variabel, Werte: [0.6039822], [0.8646217], [0.56071407]
Wörter:  , Vorhersage: statisch, Werte: [0.21778007]
Wörter: on, Vorhersage: variabel, Werte: [0.92191875]
Wörter:  rank , Vorhersage: statisch, Werte: [0.44016063], [0.0234581], [0.00019245], [0.00168868], [0.01024699]
Wörter: 9 symbol 9 bit 9, Vorhersage: variabel, Werte: [0.99995136], [0.9997764], [0.8281085], [0.5785038], [0.71171266], [0.9793331], [0.99724686], [0.99999964], [0.9999963], [0.99997044], [0.9997167], [0.9994711], [0.99997365]

Log: instruction cache parity error corrected
[ 47 263  33  36  20 164   2  20  18  78  22   2 424 269  40   2  85   2
  20  58 148 184   0   0   0   0   0   0   0   0   0   0   0   0   0   0
   0   0   0   0   0   0   0   0   0   0   0   0   0   0   0   0   0   0
   0   0   0   0   0   0   0   0   0   0   0   0   0   0   0   0   0   0
   0   0   0   0   0   0   0   0   0   0   0   0   0]
Wörter: instru, Vorhersage: statisch, Werte: [0.0007436], [0.00593536], [0.012105], [0.05851468]
Wörter: ction cache parity error corrected, Vorhersage: variabel, Werte: [0.97111255], [0.97985065], [0.98175895], [0.9940832], [0.9901928], [0.9872393], [0.9960109], [0.9745815], [0.5788126], [0.54336953], [0.8471262], [0.893227], [0.9986765], [0.99964726], [0.99995625], [0.9998838], [0.9990181], [0.77280414]

Log: total of 99 ddr error(s) detected and corrected
[ 35  31  60  28   2 274   2  41   2  21  21  33   2  85   3  34   4   2
 189   2 109   2  20  58 148 184   0   0   0   0   0   0   0   0   0   0
   0   0   0   0   0   0   0   0   0   0   0   0   0   0   0   0   0   0
   0   0   0   0   0   0   0   0   0   0   0   0   0   0   0   0   0   0
   0   0   0   0   0   0   0   0   0   0   0   0   0]
Wörter: to, Vorhersage: variabel, Werte: [0.95694983], [0.5740175]
Wörter: tal of , Vorhersage: statisch, Werte: [0.15356135], [0.04074459], [0.00512046], [0.00088379], [0.00640942]
Wörter: 99 ddr error(s), Vorhersage: variabel, Werte: [0.9999521], [0.99995244], [0.9999287], [0.9999752], [0.99954885], [0.99825376], [0.9936074], [0.998741], [0.9950045], [0.7262192]
Wörter:  detected and , Vorhersage: statisch, Werte: [0.14707221], [2.939944e-05], [2.4621426e-05], [6.5594555e-05], [0.00026502]
Wörter: corrected, Vorhersage: variabel, Werte: [0.9713613], [0.9988254], [0.99849916], [0.5373943]

Log: 99.999.9.9:99999 Served block blk_-99999999999999999 to /99.999.9.9
[ 41   7  50   7   9   7   9  10 300   2 128   2 412   2  19  28  27  17
   6  56  56   9   2  35  31   2   8  41   7  50   7   9   7   9   0   0
   0   0   0   0   0   0   0   0   0   0   0   0   0   0   0   0   0   0
   0   0   0   0   0   0   0   0   0   0   0   0   0   0   0   0   0   0
   0   0   0   0   0   0   0   0   0   0   0   0   0]
Wörter: 99.999.9.9:99999 , Vorhersage: variabel, Werte: [1.], [1.], [1.], [1.], [1.], [1.], [1.], [0.9999883], [0.9996636], [0.9983979]
Wörter: served block , Vorhersage: statisch, Werte: [0.00574329], [0.00166492], [0.00266964], [0.0081275]
Wörter: blk_-99999999999999999 to /99.999.9.9, Vorhersage: variabel, Werte: [0.98801804], [0.9992975], [0.9999645], [1.], [1.], [1.], [1.], [1.], [0.9999989], [0.99976987], [0.9963922], [0.99936265], [0.9987418], [1.], [1.], [1.], [1.], [1.], [1.], [1.]

Log: BLOCK* NameSystem.allocateBlock: /mnt/hadoop/mapred/system/job_999999999999_9999/job.jar. blk_9999999999999999999
[412   5   2  30  18  29  22  64  66   7 115 241  20  18  44 412  10   2
   8  29  55   8  25 305 126  32   8  29  18  32 124   8  64  66   8  31
  19  17  56  42  17  42   8  31  19   7 417   7   2  19  28  27  17  56
  56  50   0   0   0   0   0   0   0   0   0   0   0   0   0   0   0   0
   0   0   0   0   0   0   0   0   0   0   0   0   0]
Wörter: block* , Vorhersage: statisch, Werte: [0.20742966], [0.3838485], [0.25083694]
Wörter: namesystem.allocateblock, Vorhersage: variabel, Werte: [0.8843631], [0.8425546], [0.9617258], [0.99581355], [0.9958688], [0.99729925], [0.9999995], [0.9999509], [0.9982147], [0.99889416], [0.99295264], [0.96353215], [0.7036864]
Wörter: : /mnt/hadoop/mapred/system/, Vorhersage: statisch, Werte: [0.02135087], [0.00433594], [0.00020448], [0.00068407], [0.00113175], [0.00039459], [0.00276739], [0.01343221], [0.04087015], [0.15502079], [0.01097771], [0.03713896], [0.09399895], [0.32086113], [0.4720585], [0.01493121], [0.03039491], [0.06370971], [0.04736156]
Wörter: ob_999999999999_9999/ob.ar. blk_9999999999999999999, Vorhersage: variabel, Werte: [0.9680305], [0.9999839], [1.], [1.], [1.], [1.], [1.], [0.99999976], [0.99999845], [1.], [1.], [1.], [1.], [1.], [0.99999976], [0.99999905], [0.99999964], [1.], [1.], [1.], [1.]

Log: 99.999.99.999:99999 Starting thread to transfer block blk_-9999999999999999999 to 99.999.999.999:99999, 99.999.99.999:99999
[ 41   7  50   7  41   7  50  10 300   2 474   2 129 148 305   2  35  31
   2  35  33  57  34  23  49   2 412   2  19  28  27  17   6  56  56  50
   2  35  31   2  41   7  50   7  50   7  50  10 300   2  41   7  50   7
  41   7  50  10 300   0   0   0   0   0   0   0   0   0   0   0   0   0
   0   0   0   0   0   0   0   0   0   0   0   0   0]
Wörter: 99.999.99.999:99999 , Vorhersage: variabel, Werte: [1.], [1.], [1.], [1.], [1.], [1.], [1.], [0.99999404], [0.99971], [0.9988814]
Wörter: starting thread , Vorhersage: statisch, Werte: [0.16457403], [0.07959623], [0.0251576], [0.03428387], [0.12161624], [0.11397268]
Wörter: t, Vorhersage: variabel, Werte: [0.5403246]
Wörter: o transfer block , Vorhersage: statisch, Werte: [0.12886019], [0.07502604], [0.22016591], [0.04715284], [0.00048755], [0.00097908], [0.00037033], [0.00067761], [0.00038105], [0.00144533], [0.00452148]
Wörter: blk_-9999999999999999999 to 99.999.999.999:99999 99.999.99.999:99999, Vorhersage: variabel, Werte: [0.9668172], [0.99796176], [0.9998646], [1.], [1.], [1.], [1.], [1.], [0.99999785], [0.9995739], [0.9991215], [0.9999845], [1.], [1.], [1.], [1.], [1.], [1.], [1.], [0.9999999], [0.9999995], [1.], [1.], [1.], [1.], [1.], [1.], [1.], [1.], [0.9999999], [0.99991214]

Log: rs.sinajs.cn:99 open through proxy proxy.cse.cuhk.edu.hk:9999 HTTPS
[ 33  34   7  34  47 156   7  20  30  10  41   2  31  32  22  30   2 129
 299  36 403   2 381  39  40   2 381  39  40   7  20  34  22   7 259  25
  27   7  72  36   7  25  27  10  42   2  25  35  35  32  34   0   0   0
   0   0   0   0   0   0   0   0   0   0   0   0   0   0   0   0   0   0
   0   0   0   0   0   0   0   0   0   0   0   0   0]
Wörter: rs.sinas.cn:99 open , Vorhersage: variabel, Werte: [0.9871545], [0.9950659], [0.99999905], [0.99994373], [0.9631835], [0.9921306], [0.9999982], [0.9999931], [0.999961], [0.9982497], [0.99999154], [0.99979895], [0.86956656], [0.8424125], [0.9669921], [0.9886108], [0.92469466]
Wörter: through, Vorhersage: statisch, Werte: [0.08214945], [0.10061418], [0.2294929], [0.44275942]
Wörter:  proxy proxy.cse.cuhk.edu.hk:9999 https, Vorhersage: variabel, Werte: [0.5000265], [0.50845754], [0.9996408], [0.9985159], [0.9987006], [0.99474746], [0.99999523], [0.99999404], [1.], [0.9999999], [0.9999958], [0.9999969], [1.], [0.9999995], [0.99999416], [0.9999945], [1.], [1.], [0.99999905], [1.], [0.99999845], [0.9999379], [0.9998832], [1.], [0.9999988], [0.99961215], [0.9998944], [0.99993324], [0.99930537], [0.93056923]

Log: pic9.zhimg.com:999 close, 9999 bytes (9.99 KB) sent, 9999 bytes (9.99 KB) received, lifetime 99:99
[ 32 341   9   7 404  29  24   7  71  10  50   2 453  22   2  42   2 152
  44  34   2   3   9   7  41   2  27  19   4   2  34  59   2  42   2 152
  44  34   2   3   9   7  41   2  27  19   4   2 148  20  22  26  37  72
   2  28  26  23  69  26  29  22   2  41  10  41   0   0   0   0   0   0
   0   0   0   0   0   0   0   0   0   0   0   0   0]
Wörter: pic9.himg.com:999 close 9999 , Vorhersage: variabel, Werte: [0.9864676], [0.9987147], [0.9999995], [1.], [0.9999987], [0.9999279], [0.99985754], [0.9999999], [0.9999734], [0.9994104], [0.9999987], [0.99990046], [0.8694713], [0.97549564], [0.9384926], [0.99999523], [0.99656016]
Wörter: bytes , Vorhersage: statisch, Werte: [6.13898e-07], [4.329898e-06], [9.655478e-06], [6.552185e-05]
Wörter: (9.99 kb), Vorhersage: variabel, Werte: [0.93448806], [0.99999976], [1.], [1.], [0.99999666], [0.9889232], [0.99715], [0.7621818]
Wörter:  sent , Vorhersage: statisch, Werte: [0.42732558], [0.03493191], [0.08518597], [0.20370927]
Wörter: 9999 , Vorhersage: variabel, Werte: [0.99998784], [0.9953027]
Wörter: bytes , Vorhersage: statisch, Werte: [3.9151988e-07], [2.5883146e-06], [6.0973025e-06], [4.319014e-05]
Wörter: (9.99 kb) , Vorhersage: variabel, Werte: [0.88508713], [0.99999976], [1.], [1.], [0.9999943], [0.9783423], [0.9951114], [0.7201752], [0.631873]
Wörter: re, Vorhersage: statisch, Werte: [0.37944034]
Wörter: ceived lifetime 99:99, Vorhersage: variabel, Werte: [0.9891741], [0.9963806], [0.9850214], [0.975754], [0.97887015], [0.9651279], [0.86087334], [0.92229104], [0.8944106], [0.9676953], [0.9805149], [0.9922954], [0.9992968], [0.9993954], [0.9999999], [0.99999166], [0.9999969]

Log: ping9.teamviewer.com:999 (IPv9) error : Could not connect through proxy proxy.cse.cuhk.edu.hk:9999 - Proxy server cannot establish a connection with the target, status code 999
[ 71  10  50   2   3 319  37   9   4   2  85   2  10   2 440  36 351   2
 205   2 142  35   2 129 299  36 403   2 381  39  40   2 381  39  40   7
  20  34  22   7 259  25  27   7  72  36   7  25  27  10  42   2   6   2
 381  39  40   2 111   2 394   2  22  73  19  28  86  25   2  18   2 191
   2  76 129   2 145   2 198   2 220   2 461   2  50]
Wörter: ping, Vorhersage: statisch, Werte: [0.13569012], [0.04260919]
Wörter: 9.teamview, Vorhersage: variabel, Werte: [0.9999385], [0.9990017], [0.9891641], [0.9849663], [0.9932728], [0.9999863], [0.99382657], [0.8353753], [0.79855675]
Wörter: er.com:999 (ipv9) error : cou, Vorhersage: statisch, Werte: [0.34082434], [0.00198697], [0.0005238], [0.00056721], [0.00195884], [0.00461335], [0.00100911], [7.104424e-07], [7.323486e-07], [5.971347e-06], [0.00026148], [0.00037582], [0.00172033], [0.00801559], [0.04137751], [0.12283217], [0.10528357], [0.07897837]
Wörter: ld not connect through proxy proxy.cse.cuhk.ed, Vorhersage: variabel, Werte: [0.9992914], [0.9975891], [0.9963464], [0.98135203], [0.9999857], [0.9999826], [1.], [0.99999976], [0.99998283], [0.99998593], [1.], [0.99999726], [0.99996424], [0.99996054], [1.], [0.9999994], [0.9999862], [0.9999999], [0.99994373], [0.99650806], [0.98617053], [0.99999905], [0.9999573], [0.99999845], [0.9999417], [0.990879], [0.99991786], [0.9982699], [0.9764508]
Wörter: u.hk:9999, Vorhersage: statisch, Werte: [0.01799498], [0.00195467], [0.00019427], [0.00028772], [0.00760136], [0.01362696]
Wörter:  -, Vorhersage: variabel, Werte: [0.9250651], [0.6002255]
Wörter:  proxy server cannot establis, Vorhersage: statisch, Werte: [4.5920137e-06], [1.2519855e-05], [2.3390864e-06], [1.3292906e-05], [7.19519e-06], [3.3886423e-07], [4.2267152e-07], [3.2875637e-06], [1.3693886e-05], [8.980729e-06], [8.793315e-08], [1.3661578e-07], [2.40968e-06], [5.21604e-06]
Wörter: h , Vorhersage: variabel, Werte: [0.79738194], [0.7950189]
Wörter: a , Vorhersage: statisch, Werte: [0.00254079], [0.00174961]
Wörter: connection, Vorhersage: variabel, Werte: [0.99985456]

Log: Component State Change: Component \999alt9\999 is in the unavailable state (HWID=9999)
[102   2  83   2 119  10   2 102   2  15  50 210   9  15  50   2  86   2
  47   2 145   2 120   2  83   2   3 143  12  42   4   0   0   0   0   0
   0   0   0   0   0   0   0   0   0   0   0   0   0   0   0   0   0   0
   0   0   0   0   0   0   0   0   0   0   0   0   0   0   0   0   0   0
   0   0   0   0   0   0   0   0   0   0   0   0   0]
Wörter: component state change: component , Vorhersage: statisch, Werte: [0.0026401], [0.0008187], [0.0001689], [5.7812966e-05], [5.0123497e-05], [6.267078e-06], [5.0879516e-06], [1.1762497e-06], [1.4617187e-05]
Wörter: \999alt9\999 , Vorhersage: variabel, Werte: [0.9994369], [1.], [0.99999607], [0.9999999], [1.], [1.], [0.9999702]
Wörter: is in the unavailable state , Vorhersage: statisch, Werte: [5.0044823e-06], [2.8775519e-06], [1.35347715e-08], [1.43794665e-08], [8.7897517e-10], [4.873191e-09], [1.6131403e-07], [3.7142e-07], [5.800968e-06], [0.00237476]
Wörter: (hwid=9999), Vorhersage: variabel, Werte: [0.9994992], [1.], [1.], [1.], [0.9998223]

Log: unix.hw state_change.unavailable 9999999999 9 Component State Change: Component \999alt9\999 is in the unavailable state (HWID=9999)
[194   7 202   2  83  17 119   7 120   2  63   2   9   2 102   2  83   2
 119  10   2 102   2  15  50 210   9  15  50   2  86   2  47   2 145   2
 120   2  83   2   3 143  12  42   4   0   0   0   0   0   0   0   0   0
   0   0   0   0   0   0   0   0   0   0   0   0   0   0   0   0   0   0
   0   0   0   0   0   0   0   0   0   0   0   0   0]
Wörter: unix.hw state_change.unavailable 9999999999 9 , Vorhersage: variabel, Werte: [0.99999046], [1.], [1.], [0.9999995], [0.9999161], [1.], [0.9999999], [1.], [0.99999976], [0.99999845], [1.], [0.99999905], [0.99999917], [0.9995925]
Wörter: component state change: component , Vorhersage: statisch, Werte: [0.00148722], [0.00038608], [9.954674e-05], [4.307262e-05], [4.811338e-05], [6.832083e-06], [5.7837838e-06], [1.303708e-06], [1.6042322e-05]
Wörter: \999alt9\999 , Vorhersage: variabel, Werte: [0.99947554], [1.], [0.99999607], [0.9999999], [1.], [1.], [0.9999702]
Wörter: is in the unavailable state , Vorhersage: statisch, Werte: [5.0230055e-06], [2.8881586e-06], [1.3577305e-08], [1.4416155e-08], [8.805593e-10], [4.878911e-09], [1.6141576e-07], [3.7145503e-07], [5.7983907e-06], [0.00237357]
Wörter: (hwid=9999), Vorhersage: variabel, Werte: [0.9994997], [1.], [1.], [1.], [0.9998233]

Log: node-999 node status 9999999999 9 configured out
[ 46   6  50   2  46   2 220   2  63   2   9   2 258   2 251   0   0   0
   0   0   0   0   0   0   0   0   0   0   0   0   0   0   0   0   0   0
   0   0   0   0   0   0   0   0   0   0   0   0   0   0   0   0   0   0
   0   0   0   0   0   0   0   0   0   0   0   0   0   0   0   0   0   0
   0   0   0   0   0   0   0   0   0   0   0   0   0]
Wörter: node-999 node status 9999999999 9 , Vorhersage: variabel, Werte: [0.99982905], [1.], [1.], [0.99999726], [0.9999924], [0.99999726], [0.99999976], [0.99999976], [1.], [0.9999999], [0.9999999], [0.9999678]
Wörter: configured out, Vorhersage: statisch, Werte: [0.00013285], [5.5954883e-05], [3.7833152e-07]

Log: My election bind port: 9.9.9.9/9.9.9.9:9999
[ 29  40   2  22  52  20 164   2  19  47  21   2  32  58  35  10   2   9
   7   9   7   9   7   9   8   9   7   9   7   9   7   9  10  42   0   0
   0   0   0   0   0   0   0   0   0   0   0   0   0   0   0   0   0   0
   0   0   0   0   0   0   0   0   0   0   0   0   0   0   0   0   0   0
   0   0   0   0   0   0   0   0   0   0   0   0   0]
Wörter: my , Vorhersage: statisch, Werte: [0.36548275], [0.4166327], [0.343218]
Wörter: e, Vorhersage: variabel, Werte: [0.6022319]
Wörter: le, Vorhersage: statisch, Werte: [0.33782837]
Wörter: ction b, Vorhersage: variabel, Werte: [0.99099255], [0.99258727], [0.99429375], [0.9973998]
Wörter: in, Vorhersage: statisch, Werte: [0.01075066]
Wörter: d port: 9.9.9.9/9.9.9.9:9999, Vorhersage: variabel, Werte: [0.99440974], [0.95988095], [0.8179882], [0.6951385], [0.9786887], [0.9423312], [0.99948657], [1.], [1.], [1.], [1.], [1.], [1.], [1.], [1.], [1.], [1.], [1.], [1.], [1.], [1.], [1.], [1.], [1.]

Log: Closed socket connection for client /99.99.99.99:99999 which had sessionid 9x99f9a99999b999e
[453  72   2  34  31 401  69   2 191   2 311   2  94 175   2   8  41   7
  41   7  41   7  41  10 300   2  38 404  78   2  25 305   2  34 289 108
  51  26  21   2   9  39  41  23   9  18 300  19  50  22   0   0   0   0
   0   0   0   0   0   0   0   0   0   0   0   0   0   0   0   0   0   0
   0   0   0   0   0   0   0   0   0   0   0   0   0]
Wörter: clos, Vorhersage: statisch, Werte: [0.42204362]
Wörter: ed, Vorhersage: variabel, Werte: [0.6800836]
Wörter:  socket connection for client /, Vorhersage: statisch, Werte: [0.4796517], [0.09936994], [0.05715324], [0.16836664], [0.14605579], [0.00904436], [1.1916519e-05], [2.8007123e-06], [1.7249113e-07], [9.5614894e-08], [7.5596927e-07], [8.419355e-06], [9.795275e-05], [0.00334163]
Wörter: 99.99.99.99:99999 which, Vorhersage: variabel, Werte: [0.9999994], [1.], [1.], [1.], [1.], [1.], [1.], [0.9999927], [0.99978584], [0.9993855], [0.9482669], [0.8068067], [0.62111485]
Wörter:  had s, Vorhersage: statisch, Werte: [0.43030038], [0.11010752], [0.20233038], [0.25132138], [0.33262655]
Wörter: essionid 9x99f9a99999b999e, Vorhersage: variabel, Werte: [0.84199655], [0.9894497], [0.99984825], [0.9999298], [0.9999987], [0.9999994], [1.], [1.], [1.], [1.], [1.], [0.99999976], [0.9999999], [1.], [1.], [0.9999927]

Log: caught end of stream exception
[ 20  18  36 403  35   2  22  30  21   2 274   2 263 148  18  29   2 356
  22  32 164   0   0   0   0   0   0   0   0   0   0   0   0   0   0   0
   0   0   0   0   0   0   0   0   0   0   0   0   0   0   0   0   0   0
   0   0   0   0   0   0   0   0   0   0   0   0   0   0   0   0   0   0
   0   0   0   0   0   0   0   0   0   0   0   0   0]
Wörter: caught end , Vorhersage: variabel, Werte: [0.98764384], [0.9843413], [0.9852439], [0.98223704], [0.99657506], [0.9955647], [0.99306935], [0.99747795], [0.999747], [0.99864763]
Wörter: of st, Vorhersage: statisch, Werte: [0.05192119], [0.21227348], [0.45095447]
Wörter: ream exception, Vorhersage: variabel, Werte: [0.7421301], [0.9386978], [0.98723894], [0.9921904], [0.9832412], [0.99796057], [0.9923785], [0.5713439]
Model: "sequential"
┏━━━━━━━━━━━━━━━━━━━━━━━━━━━━━━━━━━━━━━┳━━━━━━━━━━━━━━━━━━━━━━━━━━━━━┳━━━━━━━━━━━━━━━━━┓
┃ Layer (type)                         ┃ Output Shape                ┃         Param # ┃
┡━━━━━━━━━━━━━━━━━━━━━━━━━━━━━━━━━━━━━━╇━━━━━━━━━━━━━━━━━━━━━━━━━━━━━╇━━━━━━━━━━━━━━━━━┩
│ embedding (Embedding)                │ (None, 85, 64)              │          30,400 │
├──────────────────────────────────────┼─────────────────────────────┼─────────────────┤
│ bidirectional (Bidirectional)        │ (None, 85, 256)             │         148,992 │
├──────────────────────────────────────┼─────────────────────────────┼─────────────────┤
│ time_distributed (TimeDistributed)   │ (None, 85, 128)             │          32,896 │
├──────────────────────────────────────┼─────────────────────────────┼─────────────────┤
│ dropout (Dropout)                    │ (None, 85, 128)             │               0 │
├──────────────────────────────────────┼─────────────────────────────┼─────────────────┤
│ time_distributed_1 (TimeDistributed) │ (None, 85, 1)               │             129 │
└──────────────────────────────────────┴─────────────────────────────┴─────────────────┘
 Total params: 637,253 (2.43 MB)
 Trainable params: 212,417 (829.75 KB)
 Non-trainable params: 0 (0.00 B)
 Optimizer params: 424,836 (1.62 MB)

Training auf folgende Datei: Datensätze/Vorbereitete Daten/hpc_v1/2k/HPC_2k_evaluate_content.txt
Total Trainings-Loss: [0.21223454177379608, 0.039443448185920715, 0.0183264072984457, 0.012412148527801037, 0.009441392496228218, 0.007559038233011961, 0.007335698697715998, 0.005460892803966999, 0.003982845693826675, 0.003605741774663329]
Total Trainings-Accuracy: [0.9250293970108032, 0.9869632124900818, 0.9943087697029114, 0.996110200881958, 0.9970293641090393, 0.9976470470428467, 0.9976544380187988, 0.9980735182762146, 0.9986323714256287, 0.9986986517906189]
Total Validierungs-Loss: [0.06178997829556465, 0.018427539616823196, 0.01109546422958374, 0.007750425487756729, 0.0058164470829069614, 0.004482282791286707, 0.003712292527779937, 0.0035389477852731943, 0.0026474150363355875, 0.0019220394315198064]
Total Validierungs-Accuracy: [0.9763529300689697, 0.9938528537750244, 0.9962646961212158, 0.9976765513420105, 0.9980587959289551, 0.9985882639884949, 0.9985882639884949, 0.9985588192939758, 0.9992059469223022, 0.9993528723716736]
