Loss: 0.0011641657911241055, Accuracy: 0.9242909550666809

Log: 9 ddr errors(s) detected and corrected on rank 9, symbol 9, bit 9
[  17    2  473    2  971    9   46   10    2  303    2  269    2  353
    2  101    2  599    2   17   13    2  596    2   17   13    2 1056
    2   17    0    0    0    0    0    0    0    0    0    0    0    0
    0    0    0    0    0    0    0    0    0    0    0    0    0    0
    0    0    0    0    0    0    0    0    0    0    0    0    0    0
    0    0    0    0    0    0    0    0    0    0    0    0    0    0
    0    0    0    0    0    0    0    0    0    0    0    0    0    0
    0    0    0    0    0    0    0    0    0    0    0    0    0    0
    0    0    0    0    0    0    0    0    0    0    0    0    0    0
    0    0    0    0    0    0    0    0    0    0    0    0    0    0
    0    0    0    0    0    0    0    0    0    0    0    0    0    0
    0    0    0    0    0    0    0    0    0    0    0    0    0    0
    0    0    0    0    0]
Wörter: 9 , Vorhersage: variabel, Werte: [0.9999109], [0.9999514]
Wörter: ddr errors(s) detected and corrected on rank , Vorhersage: statisch, Werte: [-1.], [-1.], [-1.], [-1.], [-0.9999998], [-0.9999952], [-0.9999995], [-1.], [-1.], [-1.], [-1.], [-1.], [-1.], [-1.], [-1.], [-1.], [-1.]
Wörter: 9, , Vorhersage: variabel, Werte: [1.], [1.], [1.]
Wörter: symbol , Vorhersage: statisch, Werte: [-1.], [-1.]
Wörter: 9, bit 9, Vorhersage: variabel, Werte: [1.], [1.], [1.], [0.9544426], [0.9998155], [0.99942577]

Log: instruction cache parity error corrected
[ 502    2 1355    2  999    2  226    2  353    0    0    0    0    0
    0    0    0    0    0    0    0    0    0    0    0    0    0    0
    0    0    0    0    0    0    0    0    0    0    0    0    0    0
    0    0    0    0    0    0    0    0    0    0    0    0    0    0
    0    0    0    0    0    0    0    0    0    0    0    0    0    0
    0    0    0    0    0    0    0    0    0    0    0    0    0    0
    0    0    0    0    0    0    0    0    0    0    0    0    0    0
    0    0    0    0    0    0    0    0    0    0    0    0    0    0
    0    0    0    0    0    0    0    0    0    0    0    0    0    0
    0    0    0    0    0    0    0    0    0    0    0    0    0    0
    0    0    0    0    0    0    0    0    0    0    0    0    0    0
    0    0    0    0    0    0    0    0    0    0    0    0    0    0
    0    0    0    0    0]
Wörter: instruction cache parity error corrected, Vorhersage: statisch, Werte: [-1.], [-1.], [-1.], [-1.], [-1.], [-1.], [-1.], [-1.], [-0.99997216]

Log: total of 99 ddr error(s) detected and corrected
[707   2 136   2  55   2 473   2 226   9  46  10   2 303   2 269   2 353
   0   0   0   0   0   0   0   0   0   0   0   0   0   0   0   0   0   0
   0   0   0   0   0   0   0   0   0   0   0   0   0   0   0   0   0   0
   0   0   0   0   0   0   0   0   0   0   0   0   0   0   0   0   0   0
   0   0   0   0   0   0   0   0   0   0   0   0   0   0   0   0   0   0
   0   0   0   0   0   0   0   0   0   0   0   0   0   0   0   0   0   0
   0   0   0   0   0   0   0   0   0   0   0   0   0   0   0   0   0   0
   0   0   0   0   0   0   0   0   0   0   0   0   0   0   0   0   0   0
   0   0   0   0   0   0   0   0   0   0   0   0   0   0   0   0   0   0
   0   0   0   0   0   0   0   0   0   0   0]
Wörter: total of , Vorhersage: statisch, Werte: [-0.9999942], [-0.9999997], [-0.9999143], [-0.9999633]
Wörter: 99 , Vorhersage: variabel, Werte: [0.99999946], [0.9999979]
Wörter: ddr error(s) detected and corrected, Vorhersage: statisch, Werte: [-0.9999775], [-0.9999968], [-0.9997155], [-0.9998701], [-0.99992585], [-0.99920774], [-0.99993086], [-0.99994564], [-0.99999416], [-0.99999803], [-0.9999995], [-0.9911067]

Log: 99.999.9.9:99999 Served block blk_-99999999999999999 to /99.999.9.9
[ 55  15  59  15  17  15  17  18  66   2 245   2 127   2 140  26  14 322
   2  88   2  16  55  15  59  15  17  15  17   0   0   0   0   0   0   0
   0   0   0   0   0   0   0   0   0   0   0   0   0   0   0   0   0   0
   0   0   0   0   0   0   0   0   0   0   0   0   0   0   0   0   0   0
   0   0   0   0   0   0   0   0   0   0   0   0   0   0   0   0   0   0
   0   0   0   0   0   0   0   0   0   0   0   0   0   0   0   0   0   0
   0   0   0   0   0   0   0   0   0   0   0   0   0   0   0   0   0   0
   0   0   0   0   0   0   0   0   0   0   0   0   0   0   0   0   0   0
   0   0   0   0   0   0   0   0   0   0   0   0   0   0   0   0   0   0
   0   0   0   0   0   0   0   0   0   0   0]
Wörter: 99.999.9.9:99999 , Vorhersage: variabel, Werte: [1.], [1.], [1.], [1.], [1.], [1.], [1.], [1.], [1.], [1.]
Wörter: served block , Vorhersage: statisch, Werte: [-1.], [-1.], [-1.], [-1.]
Wörter: blk_-99999999999999999 , Vorhersage: variabel, Werte: [1.], [1.], [1.], [1.], [1.]
Wörter: to , Vorhersage: statisch, Werte: [-1.], [-1.]
Wörter: /99.999.9.9, Vorhersage: variabel, Werte: [0.99969345], [1.], [1.], [1.], [1.], [1.], [1.], [1.]

Log: BLOCK* NameSystem.allocateBlock: /mnt/hadoop/mapred/system/job_999999999999_9999/job.jar. blk_9999999999999999999
[ 127   11    2  287   15  503   18    2   16  710   16  714   16 1298
   16  213   16  614   26  498   26   56   16  614   15 1960   15    2
  140   26  207    0    0    0    0    0    0    0    0    0    0    0
    0    0    0    0    0    0    0    0    0    0    0    0    0    0
    0    0    0    0    0    0    0    0    0    0    0    0    0    0
    0    0    0    0    0    0    0    0    0    0    0    0    0    0
    0    0    0    0    0    0    0    0    0    0    0    0    0    0
    0    0    0    0    0    0    0    0    0    0    0    0    0    0
    0    0    0    0    0    0    0    0    0    0    0    0    0    0
    0    0    0    0    0    0    0    0    0    0    0    0    0    0
    0    0    0    0    0    0    0    0    0    0    0    0    0    0
    0    0    0    0    0    0    0    0    0    0    0    0    0    0
    0    0    0    0    0]
Wörter: block* namesystem.allocateblock: , Vorhersage: statisch, Werte: [-1.], [-1.], [-1.], [-0.99997896], [-1.], [-1.], [-1.], [-0.99999917]
Wörter: /mnt/hadoop/mapred/system/job_999999999999_9999/job.jar. blk_9999999999999999999, Vorhersage: variabel, Werte: [1.], [1.], [1.], [1.], [1.], [1.], [1.], [1.], [1.], [0.99999547], [0.999994], [0.9999997], [1.], [1.], [1.], [1.], [0.99999964], [0.99998176], [0.9972268], [0.99983984], [1.], [1.], [0.99999964]

Log: 99.999.99.999:99999 Starting thread to transfer block blk_-9999999999999999999 to 99.999.999.999:99999, 99.999.99.999:99999
[ 55  15  59  15  55  15  59  18  66   2 327   2 328   2  88   2 329   2
 127   2 140  26  14 207   2  88   2  55  15  59  15  59  15  59  18  66
  13   2  55  15  59  15  55  15  59  18  66   0   0   0   0   0   0   0
   0   0   0   0   0   0   0   0   0   0   0   0   0   0   0   0   0   0
   0   0   0   0   0   0   0   0   0   0   0   0   0   0   0   0   0   0
   0   0   0   0   0   0   0   0   0   0   0   0   0   0   0   0   0   0
   0   0   0   0   0   0   0   0   0   0   0   0   0   0   0   0   0   0
   0   0   0   0   0   0   0   0   0   0   0   0   0   0   0   0   0   0
   0   0   0   0   0   0   0   0   0   0   0   0   0   0   0   0   0   0
   0   0   0   0   0   0   0   0   0   0   0]
Wörter: 99.999.99.999:99999 , Vorhersage: variabel, Werte: [1.], [1.], [1.], [1.], [1.], [1.], [1.], [1.], [1.], [1.]
Wörter: starting thread to transfer block , Vorhersage: statisch, Werte: [-1.], [-1.], [-1.], [-1.], [-1.], [-1.], [-1.], [-1.], [-1.], [-1.]
Wörter: blk_-9999999999999999999 , Vorhersage: variabel, Werte: [1.], [1.], [1.], [1.], [1.]
Wörter: to , Vorhersage: statisch, Werte: [-1.], [-1.]
Wörter: 99.999.999.999:99999, 99.999.99.999:99999, Vorhersage: variabel, Werte: [1.], [1.], [1.], [1.], [1.], [1.], [1.], [1.], [1.], [1.], [1.], [1.], [1.], [1.], [1.], [1.], [1.], [1.], [1.], [1.]

Log: rs.sinajs.cn:99 open through proxy proxy.cse.cuhk.edu.hk:9999 HTTPS
[2569   15 1647   15  556   18   55    2  276    2  268    2  195    2
  195   15  251   15  252   15  243   15  192   18   56    2  286    0
    0    0    0    0    0    0    0    0    0    0    0    0    0    0
    0    0    0    0    0    0    0    0    0    0    0    0    0    0
    0    0    0    0    0    0    0    0    0    0    0    0    0    0
    0    0    0    0    0    0    0    0    0    0    0    0    0    0
    0    0    0    0    0    0    0    0    0    0    0    0    0    0
    0    0    0    0    0    0    0    0    0    0    0    0    0    0
    0    0    0    0    0    0    0    0    0    0    0    0    0    0
    0    0    0    0    0    0    0    0    0    0    0    0    0    0
    0    0    0    0    0    0    0    0    0    0    0    0    0    0
    0    0    0    0    0    0    0    0    0    0    0    0    0    0
    0    0    0    0    0]
Wörter: rs.sinajs.cn:99 , Vorhersage: variabel, Werte: [0.9998812], [0.99999666], [1.], [1.], [1.], [0.99999607], [1.], [1.]
Wörter: open through proxy , Vorhersage: statisch, Werte: [-1.], [-1.], [-1.], [-1.], [-1.], [-1.]
Wörter: proxy.cse.cuhk.edu.hk:9999 , Vorhersage: variabel, Werte: [1.], [1.], [1.], [1.], [1.], [1.], [1.], [1.], [1.], [0.99999326], [1.], [1.]
Wörter: https, Vorhersage: statisch, Werte: [-1.]

Log: pic9.zhimg.com:999 close, 9999 bytes (9.99 KB) sent, 9999 bytes (9.99 KB) received, lifetime 99:99
[1686   17   15 2212   15  188   18   59    2  281   13    2   56    2
  218    2    9   17   15   55    2  219   10    2  288   13    2   56
    2  218    2    9   17   15   55    2  219   10    2  221   13    2
  293    2   55   18   55    0    0    0    0    0    0    0    0    0
    0    0    0    0    0    0    0    0    0    0    0    0    0    0
    0    0    0    0    0    0    0    0    0    0    0    0    0    0
    0    0    0    0    0    0    0    0    0    0    0    0    0    0
    0    0    0    0    0    0    0    0    0    0    0    0    0    0
    0    0    0    0    0    0    0    0    0    0    0    0    0    0
    0    0    0    0    0    0    0    0    0    0    0    0    0    0
    0    0    0    0    0    0    0    0    0    0    0    0    0    0
    0    0    0    0    0    0    0    0    0    0    0    0    0    0
    0    0    0    0    0]
Wörter: pic9.zhimg.com:999 , Vorhersage: variabel, Werte: [0.99998945], [1.], [1.], [1.], [1.], [1.], [1.], [1.], [1.]
Wörter: close, , Vorhersage: statisch, Werte: [-1.], [-1.], [-1.]
Wörter: 9999 , Vorhersage: variabel, Werte: [1.], [1.]
Wörter: bytes , Vorhersage: statisch, Werte: [-1.], [-1.]
Wörter: (9.99 kb) , Vorhersage: variabel, Werte: [1.], [1.], [1.], [1.], [1.], [1.], [1.], [1.]
Wörter: sent, , Vorhersage: statisch, Werte: [-1.], [-1.], [-1.]
Wörter: 9999 , Vorhersage: variabel, Werte: [1.], [1.]
Wörter: bytes , Vorhersage: statisch, Werte: [-1.], [-1.]
Wörter: (9.99 kb) , Vorhersage: variabel, Werte: [1.], [1.], [1.], [1.], [1.], [0.9999998], [1.], [1.]
Wörter: received, lifetime , Vorhersage: statisch, Werte: [-1.], [-1.], [-1.], [-0.99999404], [-0.9999486]
Wörter: 99:99, Vorhersage: variabel, Werte: [1.], [1.], [1.]

Log: ping9.teamviewer.com:999 (IPv9) error : Could not connect through proxy proxy.cse.cuhk.edu.hk:9999 - Proxy server cannot establish a connection with the target, status code 999
[1820   17   15 1658   15  188   18   59    2    9 2244   17   10    2
  226    2   18    2  490    2  104    2  389    2  268    2  195    2
  195   15  251   15  252   15  243   15  192   18   56    2   14    2
  195    2  584    2  745    2  811    2   28    2  455    2  591    2
  135    2  685   13    2  424    2  487    2   59    0    0    0    0
    0    0    0    0    0    0    0    0    0    0    0    0    0    0
    0    0    0    0    0    0    0    0    0    0    0    0    0    0
    0    0    0    0    0    0    0    0    0    0    0    0    0    0
    0    0    0    0    0    0    0    0    0    0    0    0    0    0
    0    0    0    0    0    0    0    0    0    0    0    0    0    0
    0    0    0    0    0    0    0    0    0    0    0    0    0    0
    0    0    0    0    0    0    0    0    0    0    0    0    0    0
    0    0    0    0    0]
Wörter: ping9.teamviewer.com:999 (ipv9) , Vorhersage: variabel, Werte: [1.], [1.], [1.], [1.], [1.], [1.], [1.], [1.], [1.], [0.9999924], [0.9999826], [1.], [0.9999988], [0.9999991]
Wörter: error : could not connect through proxy , Vorhersage: statisch, Werte: [-0.99999946], [-1.], [-0.9999994], [-1.], [-0.9998966], [-0.999996], [-0.99999946], [-1.], [-1.], [-1.], [-1.], [-1.], [-1.], [-1.]
Wörter: proxy.cse.cuhk.edu.hk:9999 , Vorhersage: variabel, Werte: [1.], [1.], [1.], [1.], [1.], [1.], [1.], [1.], [1.], [1.], [1.], [1.]
Wörter: - proxy server cannot establish a connection with the target, status code , Vorhersage: statisch, Werte: [-1.], [-1.], [-0.9999952], [-0.9999925], [-1.], [-1.], [-1.], [-1.], [-1.], [-1.], [-1.], [-1.], [-1.], [-1.], [-1.], [-1.], [-1.], [-1.], [-1.], [-1.], [-1.], [-0.99901164], [-0.9996954], [-0.9999966], [-0.9999976]
Wörter: 999, Vorhersage: variabel, Werte: [1.]

Log: Component State Change: Component \999alt9\999 is in the unavailable state (HWID=9999)
[335   2 280   2 384  18   2 335   2  24  59 609  17  24  59   2 202   2
  64   2 135   2 387   2 280   2   9 419  20  56  10   0   0   0   0   0
   0   0   0   0   0   0   0   0   0   0   0   0   0   0   0   0   0   0
   0   0   0   0   0   0   0   0   0   0   0   0   0   0   0   0   0   0
   0   0   0   0   0   0   0   0   0   0   0   0   0   0   0   0   0   0
   0   0   0   0   0   0   0   0   0   0   0   0   0   0   0   0   0   0
   0   0   0   0   0   0   0   0   0   0   0   0   0   0   0   0   0   0
   0   0   0   0   0   0   0   0   0   0   0   0   0   0   0   0   0   0
   0   0   0   0   0   0   0   0   0   0   0   0   0   0   0   0   0   0
   0   0   0   0   0   0   0   0   0   0   0]
Wörter: component state change: component , Vorhersage: statisch, Werte: [-1.], [-1.], [-1.], [-1.], [-1.], [-1.], [-1.], [-0.9997307], [-0.9999985]
Wörter: \999alt9\999 , Vorhersage: variabel, Werte: [1.], [1.], [1.], [1.], [1.], [1.], [1.]
Wörter: is in the unavailable state , Vorhersage: statisch, Werte: [-1.], [-1.], [-1.], [-1.], [-1.], [-1.], [-1.], [-1.], [-0.9996343], [-0.999994]
Wörter: (hwid=9999), Vorhersage: variabel, Werte: [0.99999475], [1.], [0.9999996], [1.], [1.]

Log: unix.hw state_change.unavailable 9999999999 9 Component State Change: Component \999alt9\999 is in the unavailable state (HWID=9999)
[508  15 505   2 280  26 384  15 387   2 301   2  17   2 335   2 280   2
 384  18   2 335   2  24  59 609  17  24  59   2 202   2  64   2 135   2
 387   2 280   2   9 419  20  56  10   0   0   0   0   0   0   0   0   0
   0   0   0   0   0   0   0   0   0   0   0   0   0   0   0   0   0   0
   0   0   0   0   0   0   0   0   0   0   0   0   0   0   0   0   0   0
   0   0   0   0   0   0   0   0   0   0   0   0   0   0   0   0   0   0
   0   0   0   0   0   0   0   0   0   0   0   0   0   0   0   0   0   0
   0   0   0   0   0   0   0   0   0   0   0   0   0   0   0   0   0   0
   0   0   0   0   0   0   0   0   0   0   0   0   0   0   0   0   0   0
   0   0   0   0   0   0   0   0   0   0   0]
Wörter: unix.hw state_change.unavailable 9999999999 9 , Vorhersage: variabel, Werte: [0.999786], [0.9995034], [0.99961865], [0.9999921], [0.9925593], [0.9998553], [0.9959642], [0.9993631], [1.], [1.], [1.], [1.], [1.], [1.]
Wörter: component state change: component , Vorhersage: statisch, Werte: [-1.], [-1.], [-1.], [-1.], [-1.], [-1.], [-1.], [-0.9998991], [-0.99999964]
Wörter: \999alt9\999 , Vorhersage: variabel, Werte: [1.], [1.], [1.], [1.], [1.], [1.], [1.]
Wörter: is in the unavailable state , Vorhersage: statisch, Werte: [-1.], [-1.], [-1.], [-1.], [-1.], [-1.], [-1.], [-1.], [-0.99963653], [-0.9999939]
Wörter: (hwid=9999), Vorhersage: variabel, Werte: [0.9999948], [1.], [0.9999997], [1.], [1.]

Log: node-999 node status 9999999999 9 configured out
[  69   14   59    2   69    2  424    2  301    2   17    2 1423    2
  593    0    0    0    0    0    0    0    0    0    0    0    0    0
    0    0    0    0    0    0    0    0    0    0    0    0    0    0
    0    0    0    0    0    0    0    0    0    0    0    0    0    0
    0    0    0    0    0    0    0    0    0    0    0    0    0    0
    0    0    0    0    0    0    0    0    0    0    0    0    0    0
    0    0    0    0    0    0    0    0    0    0    0    0    0    0
    0    0    0    0    0    0    0    0    0    0    0    0    0    0
    0    0    0    0    0    0    0    0    0    0    0    0    0    0
    0    0    0    0    0    0    0    0    0    0    0    0    0    0
    0    0    0    0    0    0    0    0    0    0    0    0    0    0
    0    0    0    0    0    0    0    0    0    0    0    0    0    0
    0    0    0    0    0]
Wörter: node-999 node status 9999999999 9 , Vorhersage: variabel, Werte: [0.99976397], [0.999869], [1.], [1.], [0.99983555], [0.99996644], [1.], [0.9999988], [0.9999954], [0.99999434], [1.], [1.]
Wörter: configured out, Vorhersage: statisch, Werte: [-0.99999833], [-1.], [-1.]

Log: My election bind port: 9.9.9.9/9.9.9.9:9999
[1963    2 1375  270  132    2  827   31    2  985   18    2   17   15
   17   15   17   15   17   16   17   15   17   15   17   15   17   18
   56    0    0    0    0    0    0    0    0    0    0    0    0    0
    0    0    0    0    0    0    0    0    0    0    0    0    0    0
    0    0    0    0    0    0    0    0    0    0    0    0    0    0
    0    0    0    0    0    0    0    0    0    0    0    0    0    0
    0    0    0    0    0    0    0    0    0    0    0    0    0    0
    0    0    0    0    0    0    0    0    0    0    0    0    0    0
    0    0    0    0    0    0    0    0    0    0    0    0    0    0
    0    0    0    0    0    0    0    0    0    0    0    0    0    0
    0    0    0    0    0    0    0    0    0    0    0    0    0    0
    0    0    0    0    0    0    0    0    0    0    0    0    0    0
    0    0    0    0    0]
Wörter: my , Vorhersage: statisch, Werte: [-0.51036406], [-0.4266916]
Wörter: el, Vorhersage: variabel, Werte: [0.12782858]
Wörter: ection , Vorhersage: statisch, Werte: [-0.8966893], [-0.9510957], [-0.9249064]
Wörter: bind port: 9.9.9.9/9.9.9.9:9999, Vorhersage: variabel, Werte: [0.9991198], [0.998882], [0.9879893], [0.59251255], [0.5580155], [0.9572483], [1.], [1.], [1.], [1.], [1.], [1.], [1.], [1.], [1.], [1.], [1.], [1.], [1.], [1.], [1.], [1.], [1.]

Log: Closed socket connection for client /99.99.99.99:99999 which had sessionid 9x99f9a99999b999e
[1067    2 1255    2  455    2  340    2  774    2   16   55   15   55
   15   55   15   55   18   66    2 1061   71    2   35  145    2   63
   91  132   92    2   17   51   55   33   17   28   66   29   59   32
    0    0    0    0    0    0    0    0    0    0    0    0    0    0
    0    0    0    0    0    0    0    0    0    0    0    0    0    0
    0    0    0    0    0    0    0    0    0    0    0    0    0    0
    0    0    0    0    0    0    0    0    0    0    0    0    0    0
    0    0    0    0    0    0    0    0    0    0    0    0    0    0
    0    0    0    0    0    0    0    0    0    0    0    0    0    0
    0    0    0    0    0    0    0    0    0    0    0    0    0    0
    0    0    0    0    0    0    0    0    0    0    0    0    0    0
    0    0    0    0    0    0    0    0    0    0    0    0    0    0
    0    0    0    0    0]
Wörter: closed socket connection for client , Vorhersage: statisch, Werte: [-1.], [-1.], [-1.], [-1.], [-1.], [-1.], [-1.], [-1.], [-1.], [-1.]
Wörter: /99.99.99.99:99999 , Vorhersage: variabel, Werte: [1.], [1.], [1.], [1.], [1.], [1.], [1.], [1.], [1.], [1.], [1.]
Wörter: which had sessionid , Vorhersage: statisch, Werte: [-1.], [-1.], [-1.], [-0.9999975], [-0.9999993], [-1.], [-0.96045524], [-0.9970778], [-0.9996445], [-0.9999969], [-0.9999989]
Wörter: 9x99f9a99999b999e, Vorhersage: variabel, Werte: [1.], [1.], [1.], [1.], [1.], [1.], [1.], [1.], [1.], [1.]

Log: caught end of stream exception
[1209    2  776    2  136    2  978    2  469    0    0    0    0    0
    0    0    0    0    0    0    0    0    0    0    0    0    0    0
    0    0    0    0    0    0    0    0    0    0    0    0    0    0
    0    0    0    0    0    0    0    0    0    0    0    0    0    0
    0    0    0    0    0    0    0    0    0    0    0    0    0    0
    0    0    0    0    0    0    0    0    0    0    0    0    0    0
    0    0    0    0    0    0    0    0    0    0    0    0    0    0
    0    0    0    0    0    0    0    0    0    0    0    0    0    0
    0    0    0    0    0    0    0    0    0    0    0    0    0    0
    0    0    0    0    0    0    0    0    0    0    0    0    0    0
    0    0    0    0    0    0    0    0    0    0    0    0    0    0
    0    0    0    0    0    0    0    0    0    0    0    0    0    0
    0    0    0    0    0]
Wörter: caught end of , Vorhersage: statisch, Werte: [-0.9999989], [-1.], [-1.], [-1.], [-0.9846376], [-0.9987334]
Wörter: stream , Vorhersage: variabel, Werte: [0.8836408], [0.70998424]
Wörter: exception, Vorhersage: statisch, Werte: [-0.8728816]
Model: "sequential"
┏━━━━━━━━━━━━━━━━━━━━━━━━━━━━━━━━━━━━━━┳━━━━━━━━━━━━━━━━━━━━━━━━━━━━━┳━━━━━━━━━━━━━━━━━┓
┃ Layer (type)                         ┃ Output Shape                ┃         Param # ┃
┡━━━━━━━━━━━━━━━━━━━━━━━━━━━━━━━━━━━━━━╇━━━━━━━━━━━━━━━━━━━━━━━━━━━━━╇━━━━━━━━━━━━━━━━━┩
│ embedding (Embedding)                │ (None, 173, 64)             │         288,448 │
├──────────────────────────────────────┼─────────────────────────────┼─────────────────┤
│ bidirectional (Bidirectional)        │ (None, 173, 256)            │         148,992 │
├──────────────────────────────────────┼─────────────────────────────┼─────────────────┤
│ time_distributed (TimeDistributed)   │ (None, 173, 128)            │          32,896 │
├──────────────────────────────────────┼─────────────────────────────┼─────────────────┤
│ dropout (Dropout)                    │ (None, 173, 128)            │               0 │
├──────────────────────────────────────┼─────────────────────────────┼─────────────────┤
│ time_distributed_1 (TimeDistributed) │ (None, 173, 1)              │             129 │
└──────────────────────────────────────┴─────────────────────────────┴─────────────────┘
 Total params: 1,411,397 (5.38 MB)
 Trainable params: 470,465 (1.79 MB)
 Non-trainable params: 0 (0.00 B)
 Optimizer params: 940,932 (3.59 MB)

Training auf folgende Datei: Datensätze/Vorbereitete Daten - Beispiel/zookeeper_v1/2k/Zookeeper_2k_evaluate_content.txt
Total Trainings-Loss: [0.010753676295280457, 0.0016132767777889967, 0.0010446555679664016, 0.0007133979233913124, 0.0004903107765130699, 0.0004424625658430159, 0.00034831365337595344, 0.0003620058996602893, 0.00032942058169282973, 0.0002645818458404392]
Total Trainings-Accuracy: [0.9188495874404907, 0.9235411882400513, 0.9236564636230469, 0.9237769842147827, 0.923839807510376, 0.9238573312759399, 0.9238847494125366, 0.9238874316215515, 0.923893392086029, 0.9239088296890259]
Total Validierungs-Loss: [0.0027567772194743156, 0.0021265121176838875, 0.0012912573292851448, 0.001085468684323132, 0.0012179893674328923, 0.0010407274821773171, 0.00089986901730299, 0.0009483337635174394, 0.000999749405309558, 0.001164266956038773]
Total Validierungs-Accuracy: [0.9239861369132996, 0.9238055348396301, 0.9244377017021179, 0.9243699908256531, 0.9243361353874207, 0.9243813157081604, 0.9244603514671326, 0.924392580986023, 0.9244264960289001, 0.9242910146713257]
