Loss: 0.0010162603575736284, Accuracy: 0.9237797260284424

Log: 9 ddr errors(s) detected and corrected on rank 9, symbol 9, bit 9
[  17    2  482    2  920    9   48   10    2  294    2  288    2  347
    2   87    2  593    2   17   13    2  580    2   17   13    2 1121
    2   17    0    0    0    0    0    0    0    0    0    0    0    0
    0    0    0    0    0    0    0    0    0    0    0    0    0    0
    0    0    0    0    0    0    0    0    0    0    0    0    0    0
    0    0    0    0    0    0    0    0    0    0    0    0    0    0
    0    0    0    0    0    0    0    0    0    0    0    0    0    0
    0    0    0    0    0    0    0    0    0    0    0    0    0    0
    0    0    0    0    0    0    0    0    0    0    0    0    0    0
    0    0    0    0    0    0    0    0    0    0    0    0    0    0
    0    0    0    0    0    0    0    0    0    0    0    0    0    0
    0    0    0    0    0    0    0    0    0    0    0    0    0    0
    0    0    0    0    0]
Wörter: 9 , Vorhersage: variabel, Werte: [0.99977636], [0.9997797]
Wörter: ddr errors(s) detected and corrected on rank , Vorhersage: statisch, Werte: [-0.99999934], [-1.], [-0.99983263], [-0.9999616], [-1.], [-0.9999904], [-0.9999979], [-0.9999995], [-1.], [-1.], [-1.], [-0.99997103], [-0.9999693], [-0.99999964], [-0.9999993], [-0.99999213], [-0.999989]
Wörter: 9, , Vorhersage: variabel, Werte: [1.], [0.9999883], [0.9999939]
Wörter: symbol , Vorhersage: statisch, Werte: [-0.9999952], [-0.99997187]
Wörter: 9, bit 9, Vorhersage: variabel, Werte: [1.], [0.9999985], [0.9999994], [0.99759233], [0.9999969], [0.9999994]

Log: instruction cache parity error corrected
[ 513    2 1437    2  958    2  230    2  347    0    0    0    0    0
    0    0    0    0    0    0    0    0    0    0    0    0    0    0
    0    0    0    0    0    0    0    0    0    0    0    0    0    0
    0    0    0    0    0    0    0    0    0    0    0    0    0    0
    0    0    0    0    0    0    0    0    0    0    0    0    0    0
    0    0    0    0    0    0    0    0    0    0    0    0    0    0
    0    0    0    0    0    0    0    0    0    0    0    0    0    0
    0    0    0    0    0    0    0    0    0    0    0    0    0    0
    0    0    0    0    0    0    0    0    0    0    0    0    0    0
    0    0    0    0    0    0    0    0    0    0    0    0    0    0
    0    0    0    0    0    0    0    0    0    0    0    0    0    0
    0    0    0    0    0    0    0    0    0    0    0    0    0    0
    0    0    0    0    0]
Wörter: instruction cache parity error corrected, Vorhersage: statisch, Werte: [-0.99995923], [-0.9999646], [-0.9999989], [-1.], [-1.], [-1.], [-1.], [-1.], [-0.9999344]

Log: total of 99 ddr error(s) detected and corrected
[745   2 133   2  57   2 482   2 230   9  48  10   2 294   2 288   2 347
   0   0   0   0   0   0   0   0   0   0   0   0   0   0   0   0   0   0
   0   0   0   0   0   0   0   0   0   0   0   0   0   0   0   0   0   0
   0   0   0   0   0   0   0   0   0   0   0   0   0   0   0   0   0   0
   0   0   0   0   0   0   0   0   0   0   0   0   0   0   0   0   0   0
   0   0   0   0   0   0   0   0   0   0   0   0   0   0   0   0   0   0
   0   0   0   0   0   0   0   0   0   0   0   0   0   0   0   0   0   0
   0   0   0   0   0   0   0   0   0   0   0   0   0   0   0   0   0   0
   0   0   0   0   0   0   0   0   0   0   0   0   0   0   0   0   0   0
   0   0   0   0   0   0   0   0   0   0   0]
Wörter: total of , Vorhersage: statisch, Werte: [-0.9990755], [-0.9999202], [-0.9910444], [-0.99388874]
Wörter: 99 , Vorhersage: variabel, Werte: [0.99999964], [0.9999982]
Wörter: ddr error(s) detected and corrected, Vorhersage: statisch, Werte: [-0.9997939], [-0.9998091], [-0.9934917], [-0.99805325], [-0.9999705], [-0.99195457], [-0.9983914], [-0.99996275], [-0.99998695], [-1.], [-0.99999905], [-0.9864479]

Log: 99.999.9.9:99999 Served block blk_-99999999999999999 to /99.999.9.9
[ 57  15  61  15  17  15  17  18  67   2 247   2 132   2 142  28  14 304
   2  92   2  16  57  15  61  15  17  15  17   0   0   0   0   0   0   0
   0   0   0   0   0   0   0   0   0   0   0   0   0   0   0   0   0   0
   0   0   0   0   0   0   0   0   0   0   0   0   0   0   0   0   0   0
   0   0   0   0   0   0   0   0   0   0   0   0   0   0   0   0   0   0
   0   0   0   0   0   0   0   0   0   0   0   0   0   0   0   0   0   0
   0   0   0   0   0   0   0   0   0   0   0   0   0   0   0   0   0   0
   0   0   0   0   0   0   0   0   0   0   0   0   0   0   0   0   0   0
   0   0   0   0   0   0   0   0   0   0   0   0   0   0   0   0   0   0
   0   0   0   0   0   0   0   0   0   0   0]
Wörter: 99.999.9.9:99999 , Vorhersage: variabel, Werte: [1.], [1.], [1.], [1.], [1.], [1.], [1.], [1.], [1.], [1.]
Wörter: served block , Vorhersage: statisch, Werte: [-0.9999925], [-0.99999315], [-1.], [-1.]
Wörter: blk_-99999999999999999 , Vorhersage: variabel, Werte: [1.], [1.], [0.9999974], [0.99999803], [0.9999997]
Wörter: to , Vorhersage: statisch, Werte: [-0.9999924], [-0.9999425]
Wörter: /99.999.9.9, Vorhersage: variabel, Werte: [0.9999979], [1.], [1.], [1.], [1.], [1.], [1.], [1.]

Log: BLOCK* NameSystem.allocateBlock: /mnt/hadoop/mapred/system/job_999999999999_9999/job.jar. blk_9999999999999999999
[ 132   11    2  270   15  510   18    2   16  702   16  714   16 1181
   16  208   16  599   28  500   28   58   16  599   15 1843   15    2
  142   28  200    0    0    0    0    0    0    0    0    0    0    0
    0    0    0    0    0    0    0    0    0    0    0    0    0    0
    0    0    0    0    0    0    0    0    0    0    0    0    0    0
    0    0    0    0    0    0    0    0    0    0    0    0    0    0
    0    0    0    0    0    0    0    0    0    0    0    0    0    0
    0    0    0    0    0    0    0    0    0    0    0    0    0    0
    0    0    0    0    0    0    0    0    0    0    0    0    0    0
    0    0    0    0    0    0    0    0    0    0    0    0    0    0
    0    0    0    0    0    0    0    0    0    0    0    0    0    0
    0    0    0    0    0    0    0    0    0    0    0    0    0    0
    0    0    0    0    0]
Wörter: block* namesystem.allocateblock: , Vorhersage: statisch, Werte: [-1.], [-1.], [-1.], [-1.], [-1.], [-1.], [-1.], [-1.]
Wörter: /mnt/hadoop/mapred/system/job_999999999999_9999/job.jar. blk_9999999999999999999, Vorhersage: variabel, Werte: [0.9999492], [0.9999935], [0.99999917], [0.99999976], [1.], [0.9999998], [1.], [1.], [1.], [0.9999875], [0.9999982], [1.], [1.], [1.], [1.], [0.9999976], [0.9999948], [0.9997451], [0.9899104], [0.99990743], [1.], [1.], [1.]

Log: 99.999.99.999:99999 Starting thread to transfer block blk_-9999999999999999999 to 99.999.999.999:99999, 99.999.99.999:99999
[ 57  15  61  15  57  15  61  18  67   2 311   2 316   2  92   2 317   2
 132   2 142  28  14 200   2  92   2  57  15  61  15  61  15  61  18  67
  13   2  57  15  61  15  57  15  61  18  67   0   0   0   0   0   0   0
   0   0   0   0   0   0   0   0   0   0   0   0   0   0   0   0   0   0
   0   0   0   0   0   0   0   0   0   0   0   0   0   0   0   0   0   0
   0   0   0   0   0   0   0   0   0   0   0   0   0   0   0   0   0   0
   0   0   0   0   0   0   0   0   0   0   0   0   0   0   0   0   0   0
   0   0   0   0   0   0   0   0   0   0   0   0   0   0   0   0   0   0
   0   0   0   0   0   0   0   0   0   0   0   0   0   0   0   0   0   0
   0   0   0   0   0   0   0   0   0   0   0]
Wörter: 99.999.99.999:99999 , Vorhersage: variabel, Werte: [1.], [1.], [1.], [1.], [1.], [1.], [1.], [1.], [1.], [1.]
Wörter: starting thread to transfer block , Vorhersage: statisch, Werte: [-1.], [-1.], [-1.], [-1.], [-1.], [-1.], [-1.], [-1.], [-1.], [-1.]
Wörter: blk_-9999999999999999999 , Vorhersage: variabel, Werte: [0.99999964], [1.], [0.9999874], [0.9999958], [0.99999905]
Wörter: to , Vorhersage: statisch, Werte: [-0.99998534], [-0.99977726]
Wörter: 99.999.999.999:99999, 99.999.99.999:99999, Vorhersage: variabel, Werte: [1.], [1.], [1.], [1.], [1.], [1.], [1.], [1.], [1.], [1.], [1.], [1.], [1.], [1.], [1.], [1.], [1.], [1.], [1.], [1.]

Log: rs.sinajs.cn:99 open through proxy proxy.cse.cuhk.edu.hk:9999 HTTPS
[2635   15   48   65   30   39   48   15 2520   18   57    2 1532    2
  127 2637  761    2 1422    2 1422   15   32   66   15 2033   37   40
   15   85   50   15   37   40   18   58    2   37   49   49   45   48
    0    0    0    0    0    0    0    0    0    0    0    0    0    0
    0    0    0    0    0    0    0    0    0    0    0    0    0    0
    0    0    0    0    0    0    0    0    0    0    0    0    0    0
    0    0    0    0    0    0    0    0    0    0    0    0    0    0
    0    0    0    0    0    0    0    0    0    0    0    0    0    0
    0    0    0    0    0    0    0    0    0    0    0    0    0    0
    0    0    0    0    0    0    0    0    0    0    0    0    0    0
    0    0    0    0    0    0    0    0    0    0    0    0    0    0
    0    0    0    0    0    0    0    0    0    0    0    0    0    0
    0    0    0    0    0]
Wörter: rs.sina, Vorhersage: statisch, Werte: [-0.97711647], [-0.9924644], [-0.9996341], [-0.9992686], [-0.98264253]
Wörter: j, Vorhersage: variabel, Werte: [0.9991841]
Wörter: s, Vorhersage: statisch, Werte: [-0.12536135]
Wörter: .cn:99 , Vorhersage: variabel, Werte: [0.79990846], [0.9843542], [0.99549586], [1.], [0.9999996]
Wörter: open, Vorhersage: statisch, Werte: [-0.91167545]
Wörter:  , Vorhersage: variabel, Werte: [0.19174527]
Wörter: through proxy , Vorhersage: statisch, Werte: [-0.13346605], [-0.9765301], [-0.9989274], [-0.9978915], [-0.9995619], [-0.99901545]
Wörter: proxy.cse.cuhk.edu.hk:9999 http, Vorhersage: variabel, Werte: [0.910171], [0.9784414], [0.9999984], [0.99993765], [0.9996804], [0.9991341], [0.9967812], [0.9994611], [0.9999004], [0.99999756], [1.], [1.], [0.99999934], [1.], [1.], [1.], [1.], [0.995894], [0.99950624], [0.9997815], [0.8842476]
Wörter: s, Vorhersage: statisch, Werte: [-0.99999434]

Log: pic9.zhimg.com:999 close, 9999 bytes (9.99 KB) sent, 9999 bytes (9.99 KB) received, lifetime 99:99
[  45  772   17   15   55  359   42   36   15  282   18   61    2 1246
   13    2   58    2 3111   48    2    9   17   15   57    2 1567   10
    2 1492   13    2   58    2 3111   48    2    9   17   15   57    2
 1567   10    2  287   13    2  191  252  265    2   57   18   57    0
    0    0    0    0    0    0    0    0    0    0    0    0    0    0
    0    0    0    0    0    0    0    0    0    0    0    0    0    0
    0    0    0    0    0    0    0    0    0    0    0    0    0    0
    0    0    0    0    0    0    0    0    0    0    0    0    0    0
    0    0    0    0    0    0    0    0    0    0    0    0    0    0
    0    0    0    0    0    0    0    0    0    0    0    0    0    0
    0    0    0    0    0    0    0    0    0    0    0    0    0    0
    0    0    0    0    0    0    0    0    0    0    0    0    0    0
    0    0    0    0    0]
Wörter: p, Vorhersage: statisch, Werte: [-0.49064615]
Wörter: ic9.zhimg.com:999 , Vorhersage: variabel, Werte: [0.90741], [0.99998355], [0.9997399], [0.9995168], [0.9984778], [0.36890337], [0.99041826], [0.99863285], [0.99972504], [0.99980587], [1.], [1.]
Wörter: close, , Vorhersage: statisch, Werte: [-0.9991039], [-0.99832106], [-0.9946747]
Wörter: 9999 , Vorhersage: variabel, Werte: [1.], [1.]
Wörter: bytes , Vorhersage: statisch, Werte: [-1.], [-1.], [-1.]
Wörter: (9.99 , Vorhersage: variabel, Werte: [0.9997913], [1.], [0.9999959], [1.], [1.]
Wörter: kb), Vorhersage: statisch, Werte: [-0.9999722], [-0.95624703]
Wörter:  , Vorhersage: variabel, Werte: [0.7645518]
Wörter: sent, , Vorhersage: statisch, Werte: [-0.9999305], [-0.999513], [-0.9947921]
Wörter: 9999 , Vorhersage: variabel, Werte: [1.], [1.]
Wörter: bytes , Vorhersage: statisch, Werte: [-1.], [-1.], [-1.]
Wörter: (9.99 , Vorhersage: variabel, Werte: [0.9997363], [1.], [0.99999154], [1.], [1.]
Wörter: kb), Vorhersage: statisch, Werte: [-0.9999977], [-0.99617064]
Wörter:  , Vorhersage: variabel, Werte: [0.09158555]
Wörter: received, , Vorhersage: statisch, Werte: [-1.], [-1.], [-0.9999997]
Wörter: life, Vorhersage: variabel, Werte: [0.9044826], [0.75434935]
Wörter: time , Vorhersage: statisch, Werte: [-0.9957468], [-0.9532432]
Wörter: 99:99, Vorhersage: variabel, Werte: [1.], [1.], [1.]

Log: ping9.teamviewer.com:999 (IPv9) error : Could not connect through proxy proxy.cse.cuhk.edu.hk:9999 - Proxy server cannot establish a connection with the target, status code 999
[2629   17   15   49  186   42  566   34  896   15  282   18   61    2
    9   86   51   17   10    2  230    2   18    2 1386    2  111    2
  323    2  127 2637  761    2 1422    2 1422   15   32   66   15 2033
   37   40   15   85   50   15   37   40   18   58    2   14    2 1422
    2  550    2 1658    2  398  145    2   30    2  342    2  374    2
  137    2 1369   13    2  484    2  525    2   61    0    0    0    0
    0    0    0    0    0    0    0    0    0    0    0    0    0    0
    0    0    0    0    0    0    0    0    0    0    0    0    0    0
    0    0    0    0    0    0    0    0    0    0    0    0    0    0
    0    0    0    0    0    0    0    0    0    0    0    0    0    0
    0    0    0    0    0    0    0    0    0    0    0    0    0    0
    0    0    0    0    0    0    0    0    0    0    0    0    0    0
    0    0    0    0    0]
Wörter: ping9.teamviewer.com:999 (ipv9) , Vorhersage: variabel, Werte: [0.9954709], [1.], [0.9999952], [0.99999136], [0.99994636], [0.91957045], [0.99489236], [0.999988], [0.99976724], [0.99981564], [0.9999307], [0.9999856], [1.], [1.], [0.99999547], [0.9999905], [0.9999938], [1.], [0.99999714], [0.9999957]
Wörter: error :, Vorhersage: statisch, Werte: [-0.99840635], [-0.99869764], [-0.84895486]
Wörter:  , Vorhersage: variabel, Werte: [0.2102694]
Wörter: could not connect through proxy , Vorhersage: statisch, Werte: [-0.9636791], [-0.96695125], [-0.9794218], [-0.7365188], [-0.99163216], [-0.98141956], [-0.9365473], [-0.9967007], [-0.99975866], [-0.99967813], [-0.9997822], [-0.99955726]
Wörter: proxy.cse.cuhk.edu.hk:9999 , Vorhersage: variabel, Werte: [0.7541368], [0.9187553], [0.9999925], [0.9996282], [0.9976487], [0.99263644], [0.97140014], [0.9962826], [0.99919075], [0.99997467], [1.], [1.], [0.9999908], [0.9999985], [0.99999905], [1.], [1.]
Wörter: - proxy server cannot establish a connection with the target, status code , Vorhersage: statisch, Werte: [-0.99990535], [-0.99919635], [-0.9997449], [-0.9955902], [-1.], [-1.], [-1.], [-1.], [-1.], [-1.], [-1.], [-0.99999964], [-0.99999964], [-1.], [-1.], [-1.], [-1.], [-1.], [-1.], [-1.], [-1.], [-1.], [-0.9999868], [-0.9999609], [-0.9999988], [-0.9999871]
Wörter: 999, Vorhersage: variabel, Werte: [1.]

Log: Component State Change: Component \999alt9\999 is in the unavailable state (HWID=9999)
[328   2 271   2 409  18   2 328   2  26  61 597  17  26  61   2 198   2
  65   2 137   2 406   2 271   2   9 441  21  58  10   0   0   0   0   0
   0   0   0   0   0   0   0   0   0   0   0   0   0   0   0   0   0   0
   0   0   0   0   0   0   0   0   0   0   0   0   0   0   0   0   0   0
   0   0   0   0   0   0   0   0   0   0   0   0   0   0   0   0   0   0
   0   0   0   0   0   0   0   0   0   0   0   0   0   0   0   0   0   0
   0   0   0   0   0   0   0   0   0   0   0   0   0   0   0   0   0   0
   0   0   0   0   0   0   0   0   0   0   0   0   0   0   0   0   0   0
   0   0   0   0   0   0   0   0   0   0   0   0   0   0   0   0   0   0
   0   0   0   0   0   0   0   0   0   0   0]
Wörter: component state change: component , Vorhersage: statisch, Werte: [-0.99999917], [-0.99999875], [-0.9999961], [-0.99999946], [-0.99999905], [-1.], [-0.99999833], [-1.], [-1.]
Wörter: \999alt9\999 , Vorhersage: variabel, Werte: [0.99999815], [1.], [0.99998665], [1.], [1.], [1.], [1.]
Wörter: is in the unavailable state , Vorhersage: statisch, Werte: [-1.], [-1.], [-1.], [-1.], [-1.], [-1.], [-1.], [-1.], [-1.], [-1.]
Wörter: (hwid=9999), Vorhersage: variabel, Werte: [1.], [1.], [1.], [1.], [1.]

Log: unix.hw state_change.unavailable 9999999999 9 Component State Change: Component \999alt9\999 is in the unavailable state (HWID=9999)
[515  15 514   2 271  28 409  15 406   2 289   2  17   2 328   2 271   2
 409  18   2 328   2  26  61 597  17  26  61   2 198   2  65   2 137   2
 406   2 271   2   9 441  21  58  10   0   0   0   0   0   0   0   0   0
   0   0   0   0   0   0   0   0   0   0   0   0   0   0   0   0   0   0
   0   0   0   0   0   0   0   0   0   0   0   0   0   0   0   0   0   0
   0   0   0   0   0   0   0   0   0   0   0   0   0   0   0   0   0   0
   0   0   0   0   0   0   0   0   0   0   0   0   0   0   0   0   0   0
   0   0   0   0   0   0   0   0   0   0   0   0   0   0   0   0   0   0
   0   0   0   0   0   0   0   0   0   0   0   0   0   0   0   0   0   0
   0   0   0   0   0   0   0   0   0   0   0]
Wörter: unix.hw state_change.unavailable 9999999999 9 , Vorhersage: variabel, Werte: [0.9975646], [0.99619466], [0.9859563], [0.99955356], [0.9899063], [0.999977], [0.99991494], [0.999992], [0.9999989], [0.99999416], [0.99999905], [0.99999946], [1.], [1.]
Wörter: component state change: component , Vorhersage: statisch, Werte: [-1.], [-1.], [-0.9999982], [-0.9999995], [-0.99999774], [-0.99999976], [-0.9999952], [-0.9999997], [-1.]
Wörter: \999alt9\999 , Vorhersage: variabel, Werte: [0.99999833], [1.], [0.9999876], [1.], [1.], [1.], [1.]
Wörter: is in the unavailable state , Vorhersage: statisch, Werte: [-1.], [-1.], [-1.], [-1.], [-1.], [-1.], [-1.], [-1.], [-1.], [-1.]
Wörter: (hwid=9999), Vorhersage: variabel, Werte: [1.], [1.], [1.], [1.], [1.]

Log: node-999 node status 9999999999 9 configured out
[  72   14   61    2   72    2  484    2  289    2   17    2 1456    2
  264    0    0    0    0    0    0    0    0    0    0    0    0    0
    0    0    0    0    0    0    0    0    0    0    0    0    0    0
    0    0    0    0    0    0    0    0    0    0    0    0    0    0
    0    0    0    0    0    0    0    0    0    0    0    0    0    0
    0    0    0    0    0    0    0    0    0    0    0    0    0    0
    0    0    0    0    0    0    0    0    0    0    0    0    0    0
    0    0    0    0    0    0    0    0    0    0    0    0    0    0
    0    0    0    0    0    0    0    0    0    0    0    0    0    0
    0    0    0    0    0    0    0    0    0    0    0    0    0    0
    0    0    0    0    0    0    0    0    0    0    0    0    0    0
    0    0    0    0    0    0    0    0    0    0    0    0    0    0
    0    0    0    0    0]
Wörter: node-999 node status 9999999999 9 , Vorhersage: variabel, Werte: [0.99991304], [0.9999507], [1.], [1.], [0.9999339], [0.9999896], [1.], [1.], [0.99999887], [1.], [1.], [1.]
Wörter: configured out, Vorhersage: statisch, Werte: [-0.9999942], [-0.99999666], [-0.99790967]

Log: My election bind port: 9.9.9.9/9.9.9.9:9999
[1128    2 1294    2 3325    2  976   18    2   17   15   17   15   17
   15   17   16   17   15   17   15   17   15   17   18   58    0    0
    0    0    0    0    0    0    0    0    0    0    0    0    0    0
    0    0    0    0    0    0    0    0    0    0    0    0    0    0
    0    0    0    0    0    0    0    0    0    0    0    0    0    0
    0    0    0    0    0    0    0    0    0    0    0    0    0    0
    0    0    0    0    0    0    0    0    0    0    0    0    0    0
    0    0    0    0    0    0    0    0    0    0    0    0    0    0
    0    0    0    0    0    0    0    0    0    0    0    0    0    0
    0    0    0    0    0    0    0    0    0    0    0    0    0    0
    0    0    0    0    0    0    0    0    0    0    0    0    0    0
    0    0    0    0    0    0    0    0    0    0    0    0    0    0
    0    0    0    0    0]
Wörter: my election bind port: , Vorhersage: statisch, Werte: [-0.99993193], [-0.9999344], [-0.9999989], [-1.], [-0.9999997], [-1.], [-0.9999995], [-1.], [-0.99999565]
Wörter: 9.9.9.9/9.9.9.9:9999, Vorhersage: variabel, Werte: [1.], [1.], [1.], [1.], [1.], [1.], [1.], [1.], [1.], [1.], [1.], [1.], [1.], [1.], [1.], [1.], [1.]

Log: Closed socket connection for client /99.99.99.99:99999 which had sessionid 9x99f9a99999b999e
[411   2 388   2 342   2 129   2 268   2  16  57  15  57  15  57  15  57
  18  67   2 410   2 414   2 279   2  17  53  57  35  17  30  67  31  61
  34   0   0   0   0   0   0   0   0   0   0   0   0   0   0   0   0   0
   0   0   0   0   0   0   0   0   0   0   0   0   0   0   0   0   0   0
   0   0   0   0   0   0   0   0   0   0   0   0   0   0   0   0   0   0
   0   0   0   0   0   0   0   0   0   0   0   0   0   0   0   0   0   0
   0   0   0   0   0   0   0   0   0   0   0   0   0   0   0   0   0   0
   0   0   0   0   0   0   0   0   0   0   0   0   0   0   0   0   0   0
   0   0   0   0   0   0   0   0   0   0   0   0   0   0   0   0   0   0
   0   0   0   0   0   0   0   0   0   0   0]
Wörter: closed socket connection for client , Vorhersage: statisch, Werte: [-1.], [-1.], [-0.9999318], [-0.9999785], [-1.], [-1.], [-1.], [-1.], [-1.], [-1.]
Wörter: /99.99.99.99:99999 , Vorhersage: variabel, Werte: [0.99999756], [1.], [1.], [1.], [1.], [1.], [1.], [1.], [1.], [1.], [1.]
Wörter: which had sessionid , Vorhersage: statisch, Werte: [-1.], [-1.], [-1.], [-1.], [-0.9994917], [-0.99962854]
Wörter: 9x99f9a99999b999e, Vorhersage: variabel, Werte: [1.], [1.], [1.], [1.], [1.], [1.], [1.], [1.], [1.], [1.]

Log: caught end of stream exception
[1114    2  784    2  133    2  946    2  446    0    0    0    0    0
    0    0    0    0    0    0    0    0    0    0    0    0    0    0
    0    0    0    0    0    0    0    0    0    0    0    0    0    0
    0    0    0    0    0    0    0    0    0    0    0    0    0    0
    0    0    0    0    0    0    0    0    0    0    0    0    0    0
    0    0    0    0    0    0    0    0    0    0    0    0    0    0
    0    0    0    0    0    0    0    0    0    0    0    0    0    0
    0    0    0    0    0    0    0    0    0    0    0    0    0    0
    0    0    0    0    0    0    0    0    0    0    0    0    0    0
    0    0    0    0    0    0    0    0    0    0    0    0    0    0
    0    0    0    0    0    0    0    0    0    0    0    0    0    0
    0    0    0    0    0    0    0    0    0    0    0    0    0    0
    0    0    0    0    0]
Wörter: caught end of stream exception, Vorhersage: statisch, Werte: [-0.99987197], [-0.99990714], [-0.9999007], [-0.9999874], [-0.933389], [-0.99902385], [-0.7787154], [-0.53380847], [-0.9838579]
Model: "sequential"
┏━━━━━━━━━━━━━━━━━━━━━━━━━━━━━━━━━━━━━━┳━━━━━━━━━━━━━━━━━━━━━━━━━━━━━┳━━━━━━━━━━━━━━━━━┓
┃ Layer (type)                         ┃ Output Shape                ┃         Param # ┃
┡━━━━━━━━━━━━━━━━━━━━━━━━━━━━━━━━━━━━━━╇━━━━━━━━━━━━━━━━━━━━━━━━━━━━━╇━━━━━━━━━━━━━━━━━┩
│ embedding (Embedding)                │ (None, 173, 64)             │         230,848 │
├──────────────────────────────────────┼─────────────────────────────┼─────────────────┤
│ bidirectional (Bidirectional)        │ (None, 173, 256)            │         148,992 │
├──────────────────────────────────────┼─────────────────────────────┼─────────────────┤
│ time_distributed (TimeDistributed)   │ (None, 173, 128)            │          32,896 │
├──────────────────────────────────────┼─────────────────────────────┼─────────────────┤
│ dropout (Dropout)                    │ (None, 173, 128)            │               0 │
├──────────────────────────────────────┼─────────────────────────────┼─────────────────┤
│ time_distributed_1 (TimeDistributed) │ (None, 173, 1)              │             129 │
└──────────────────────────────────────┴─────────────────────────────┴─────────────────┘
 Total params: 1,238,597 (4.72 MB)
 Trainable params: 412,865 (1.57 MB)
 Non-trainable params: 0 (0.00 B)
 Optimizer params: 825,732 (3.15 MB)

Training auf folgende Datei: Datensätze/Vorbereitete Daten - Beispiel/bgl_v1/unique_data/content_list_bgl_unique.txt
Total Trainings-Loss: [0.013172628358006477, 0.0018333499319851398, 0.0011287693632766604, 0.000854075129609555, 0.0007491835858672857, 0.0006277303327806294, 0.00044727735803462565, 0.0003240744408685714, 0.0002959942794404924, 0.00023059945669956505]
Total Trainings-Accuracy: [0.9178153872489929, 0.9239217638969421, 0.9240778088569641, 0.9241726398468018, 0.9242104887962341, 0.924237847328186, 0.9242849349975586, 0.9243224263191223, 0.9243424534797668, 0.9243565201759338]
Total Validierungs-Loss: [0.003026651917025447, 0.0020221879240125418, 0.0015193234430626035, 0.0014022085815668106, 0.0011725075310096145, 0.0010847336379811168, 0.0009268867434002459, 0.0009853008668869734, 0.0007447350071743131, 0.0010162778198719025]
Total Validierungs-Accuracy: [0.9231004118919373, 0.9234423637390137, 0.9234831929206848, 0.9235771298408508, 0.9237390756607056, 0.9237265586853027, 0.923758327960968, 0.9237887859344482, 0.9238398671150208, 0.9237799048423767]
