Loss: 0.0009072085376828909, Accuracy: 0.8948078751564026

Log: 9 ddr errors(s) detected and corrected on rank 9, symbol 9, bit 9
[  11    2  825   39    2 1099    4   40    5    2  433    2  281    2
 1523   71  407    2   57    2  123   32    2   11    7    2  562   34
  299   33    2   11    7    2   23  463    2   11    0    0    0    0
    0    0    0    0    0    0    0    0    0    0    0    0    0    0
    0    0    0    0    0    0    0    0    0    0    0    0    0    0
    0    0    0    0    0    0    0    0    0    0    0    0    0    0
    0    0    0    0    0    0    0    0    0    0    0    0    0    0
    0    0    0    0    0    0    0    0    0    0    0    0    0    0]
Wörter: 9 ddr , Vorhersage: variabel, Werte: [1.], [0.9999992], [0.9994464], [0.9945015], [0.9814899]
Wörter: errors, Vorhersage: statisch, Werte: [-0.98523027]
Wörter: (, Vorhersage: variabel, Werte: [0.32998112]
Wörter: s) detected and corrected on rank, Vorhersage: statisch, Werte: [-0.9740399], [-0.99837655], [-0.99898386], [-0.9999504], [-0.9999685], [-0.99936974], [-0.99931324], [-0.99342], [-0.9900799], [-0.97582746], [-0.9596088], [-0.99945486], [-0.99894845], [-0.93245614], [-0.24975038]
Wörter:  9, symbol 9, bit 9, Vorhersage: variabel, Werte: [0.6859013], [1.], [0.9999686], [0.99999416], [0.90944415], [0.9901877], [0.99417365], [0.99848646], [0.99975586], [1.], [0.9999988], [1.], [0.9999887], [0.99648225], [0.9953847], [0.99999845]

Log: instruction cache parity error corrected
[  75   64 1607   24  118    2 1273    2  384  463   46    2  247    2
 1523   71  407    0    0    0    0    0    0    0    0    0    0    0
    0    0    0    0    0    0    0    0    0    0    0    0    0    0
    0    0    0    0    0    0    0    0    0    0    0    0    0    0
    0    0    0    0    0    0    0    0    0    0    0    0    0    0
    0    0    0    0    0    0    0    0    0    0    0    0    0    0
    0    0    0    0    0    0    0    0    0    0    0    0    0    0
    0    0    0    0    0    0    0    0    0    0    0    0    0    0]
Wörter: instruc, Vorhersage: statisch, Werte: [-0.9996944], [-0.9962668], [-0.9952692], [-0.48980308]
Wörter: tion , Vorhersage: variabel, Werte: [0.29501736], [0.77076393]
Wörter: cache, Vorhersage: statisch, Werte: [-0.08283526]
Wörter:  , Vorhersage: variabel, Werte: [0.01908254]
Wörter: parity error corrected, Vorhersage: statisch, Werte: [-0.03977307], [-0.94415003], [-0.9757764], [-0.9726406], [-0.9993895], [-0.9997047], [-0.9369529], [-0.84616804], [-0.8502028]

Log: total of 99 ddr error(s) detected and corrected
[  61   41  248    2  130    2   48    2  825   39    2  247    4   40
    5    2  433    2  281    2 1523   71  407    0    0    0    0    0
    0    0    0    0    0    0    0    0    0    0    0    0    0    0
    0    0    0    0    0    0    0    0    0    0    0    0    0    0
    0    0    0    0    0    0    0    0    0    0    0    0    0    0
    0    0    0    0    0    0    0    0    0    0    0    0    0    0
    0    0    0    0    0    0    0    0    0    0    0    0    0    0
    0    0    0    0    0    0    0    0    0    0    0    0    0    0]
Wörter: total of , Vorhersage: statisch, Werte: [-0.967829], [-0.99764264], [-0.9963092], [-0.9919596], [-0.9996492], [-0.9992272]
Wörter: 99 ddr , Vorhersage: variabel, Werte: [0.99999964], [0.99999964], [0.9985943], [0.9967063], [0.989209]
Wörter: error(s) detected and corrected, Vorhersage: statisch, Werte: [-0.9996352], [-0.6100481], [-0.9717221], [-0.99703914], [-0.99781436], [-0.99989665], [-0.9999378], [-0.9926798], [-0.993805], [-0.47557342], [-0.5655192], [-0.771521]

Log: 99.999.9.9:99999 Served block blk_-99999999999999999 to /99.999.9.9
[ 48   9  50   9  11   9  11  12  54   2 131   2  60   2  66  21   8 201
   2  61   2  10  48   9  50   9  11   9  11   0   0   0   0   0   0   0
   0   0   0   0   0   0   0   0   0   0   0   0   0   0   0   0   0   0
   0   0   0   0   0   0   0   0   0   0   0   0   0   0   0   0   0   0
   0   0   0   0   0   0   0   0   0   0   0   0   0   0   0   0   0   0
   0   0   0   0   0   0   0   0   0   0   0   0   0   0   0   0   0   0
   0   0   0   0]
Wörter: 99.999.9.9:99999 , Vorhersage: variabel, Werte: [1.], [1.], [1.], [1.], [1.], [1.], [1.], [1.], [1.], [1.]
Wörter: served block , Vorhersage: statisch, Werte: [-1.], [-1.], [-1.], [-0.99999964]
Wörter: blk_-99999999999999999 , Vorhersage: variabel, Werte: [0.99999833], [1.], [1.], [1.], [1.]
Wörter: to , Vorhersage: statisch, Werte: [-0.99384457], [-0.996647]
Wörter: /99.999.9.9, Vorhersage: variabel, Werte: [0.99999917], [1.], [1.], [1.], [1.], [1.], [1.], [1.]

Log: BLOCK* NameSystem.allocateBlock: /mnt/hadoop/mapred/system/job_999999999999_9999/job.jar. blk_9999999999999999999
[ 60   6   2 167   9 324  12   2  10 454  10 460  10 750  10 754  10 420
  21 318  21  49  10 420   9 715   9   2  66  21  97   0   0   0   0   0
   0   0   0   0   0   0   0   0   0   0   0   0   0   0   0   0   0   0
   0   0   0   0   0   0   0   0   0   0   0   0   0   0   0   0   0   0
   0   0   0   0   0   0   0   0   0   0   0   0   0   0   0   0   0   0
   0   0   0   0   0   0   0   0   0   0   0   0   0   0   0   0   0   0
   0   0   0   0]
Wörter: block* namesystem.allocateblock: , Vorhersage: statisch, Werte: [-0.99579644], [-0.99999577], [-0.9999948], [-1.], [-0.99999875], [-0.99999917], [-0.99999475], [-0.9999804]
Wörter: /mnt/hadoop/mapred/system/job_999999999999_9999/job.jar. blk_9999999999999999999, Vorhersage: variabel, Werte: [0.9991889], [0.99999744], [1.], [1.], [1.], [1.], [1.], [1.], [1.], [1.], [1.], [1.], [1.], [1.], [1.], [1.], [1.], [0.99999905], [0.9999888], [0.9999923], [1.], [1.], [1.]

Log: 99.999.99.999:99999 Starting thread to transfer block blk_-9999999999999999999 to 99.999.999.999:99999, 99.999.99.999:99999
[ 48   9  50   9  48   9  50  12  54   2 196   2 205   2  61   2 207   2
  60   2  66  21   8  97   2  61   2  48   9  50   9  50   9  50  12  54
   7   2  48   9  50   9  48   9  50  12  54   0   0   0   0   0   0   0
   0   0   0   0   0   0   0   0   0   0   0   0   0   0   0   0   0   0
   0   0   0   0   0   0   0   0   0   0   0   0   0   0   0   0   0   0
   0   0   0   0   0   0   0   0   0   0   0   0   0   0   0   0   0   0
   0   0   0   0]
Wörter: 99.999.99.999:99999 , Vorhersage: variabel, Werte: [1.], [1.], [1.], [1.], [1.], [1.], [1.], [1.], [1.], [1.]
Wörter: starting thread to transfer block , Vorhersage: statisch, Werte: [-0.9999994], [-1.], [-1.], [-1.], [-1.], [-1.], [-1.], [-1.], [-1.], [-0.9999992]
Wörter: blk_-9999999999999999999 , Vorhersage: variabel, Werte: [0.99999905], [1.], [1.], [1.], [0.99999964]
Wörter: to , Vorhersage: statisch, Werte: [-0.999503], [-0.9988513]
Wörter: 99.999.999.999:99999, 99.999.99.999:99999, Vorhersage: variabel, Werte: [1.], [1.], [1.], [1.], [1.], [1.], [1.], [1.], [1.], [1.], [1.], [1.], [1.], [1.], [1.], [1.], [1.], [1.], [1.], [1.]

Log: rs.sinajs.cn:99 open through proxy proxy.cse.cuhk.edu.hk:9999 HTTPS
[  39   40    9 1115    9  372   12   48    2  155    2  151    2   89
    2   89    9  132    9  133    9  128    9   85   12   49    2  159
    0    0    0    0    0    0    0    0    0    0    0    0    0    0
    0    0    0    0    0    0    0    0    0    0    0    0    0    0
    0    0    0    0    0    0    0    0    0    0    0    0    0    0
    0    0    0    0    0    0    0    0    0    0    0    0    0    0
    0    0    0    0    0    0    0    0    0    0    0    0    0    0
    0    0    0    0    0    0    0    0    0    0    0    0    0    0]
Wörter: rs.sinajs.cn:99 , Vorhersage: variabel, Werte: [0.9984426], [0.9992509], [0.9999569], [0.9999579], [0.99999785], [0.9999996], [0.99999803], [1.], [1.]
Wörter: open through proxy , Vorhersage: statisch, Werte: [-0.9999872], [-0.99999833], [-1.], [-1.], [-0.99997795], [-0.99987364]
Wörter: proxy.cse.cuhk.edu.hk:9999 , Vorhersage: variabel, Werte: [0.9999629], [1.], [1.], [1.], [1.], [1.], [1.], [1.], [1.], [1.], [1.], [1.]
Wörter: https, Vorhersage: statisch, Werte: [-0.99816877]

Log: pic9.zhimg.com:999 close, 9999 bytes (9.99 KB) sent, 9999 bytes (9.99 KB) received, lifetime 99:99
[ 836   11    9 1226    9   84   12   50    2  163    7    2   49    2
  107    2    4   11    9   48    2  109    5    2  164    7    2   49
    2  107    2    4   11    9   48    2  109    5    2  114    7    2
  166    2   48   12   48    0    0    0    0    0    0    0    0    0
    0    0    0    0    0    0    0    0    0    0    0    0    0    0
    0    0    0    0    0    0    0    0    0    0    0    0    0    0
    0    0    0    0    0    0    0    0    0    0    0    0    0    0
    0    0    0    0    0    0    0    0    0    0    0    0    0    0]
Wörter: pic9.zhimg.com:999 , Vorhersage: variabel, Werte: [0.9999841], [1.], [1.], [1.], [1.], [1.], [1.], [1.], [1.]
Wörter: close, , Vorhersage: statisch, Werte: [-0.9999555], [-0.9998389], [-0.9998875]
Wörter: 9999 , Vorhersage: variabel, Werte: [0.99998546], [0.9999927]
Wörter: bytes , Vorhersage: statisch, Werte: [-0.9999231], [-0.9998092]
Wörter: (9.99 kb) , Vorhersage: variabel, Werte: [0.99997807], [1.], [1.], [1.], [1.], [1.], [1.], [0.9999988]
Wörter: sent, , Vorhersage: statisch, Werte: [-0.9999985], [-0.99996865], [-0.99997133]
Wörter: 9999 , Vorhersage: variabel, Werte: [0.9999904], [0.9999976]
Wörter: bytes , Vorhersage: statisch, Werte: [-0.9999725], [-0.99994415]
Wörter: (9.99 kb) , Vorhersage: variabel, Werte: [0.99996334], [1.], [1.], [1.], [1.], [1.], [1.], [1.]
Wörter: received, lifetime , Vorhersage: statisch, Werte: [-0.9999629], [-0.9996244], [-0.99974084], [-0.99923056], [-0.99401873]
Wörter: 99:99, Vorhersage: variabel, Werte: [1.], [0.9999997], [1.]

Log: ping9.teamviewer.com:999 (IPv9) error : Could not connect through proxy proxy.cse.cuhk.edu.hk:9999 - Proxy server cannot establish a connection with the target, status code 999
[1068   11    9  913    9   84   12   50    2    4 1218   11    5    2
  247    2   12    2  336    2  250    2  349    2  151    2   89    2
   89    9  132    9  133    9  128    9   85   12   49    2    8    2
   89    2  337    2  472    2  237    2   22    2  197    2  230    2
  258    2  499    7    2  355    2  425    2   50    0    0    0    0
    0    0    0    0    0    0    0    0    0    0    0    0    0    0
    0    0    0    0    0    0    0    0    0    0    0    0    0    0
    0    0    0    0    0    0    0    0    0    0    0    0    0    0]
Wörter: ping9.teamviewer.com:999 (ipv9) , Vorhersage: variabel, Werte: [0.9999941], [1.], [1.], [1.], [1.], [1.], [0.9999986], [1.], [1.], [1.], [0.9999993], [1.], [0.9999969], [0.999985]
Wörter: error : could not connect through proxy , Vorhersage: statisch, Werte: [-0.9995666], [-0.9998784], [-0.9999547], [-0.9999821], [-0.99962103], [-0.9997922], [-0.9999975], [-0.99999934], [-1.], [-1.], [-1.], [-1.], [-0.99999905], [-0.9999847]
Wörter: proxy.cse.cuhk.edu.hk:9999 , Vorhersage: variabel, Werte: [0.99970186], [1.], [1.], [1.], [1.], [0.9999996], [1.], [0.99999934], [1.], [0.9999981], [1.], [1.]
Wörter: - proxy server cannot establish a connection with the target, status code , Vorhersage: statisch, Werte: [-0.9992639], [-0.9997829], [-0.99934894], [-0.9995957], [-1.], [-1.], [-1.], [-1.], [-0.9999997], [-0.99999964], [-0.99976325], [-0.99964523], [-0.99775183], [-0.9990015], [-1.], [-1.], [-1.], [-1.], [-1.], [-0.9999819], [-0.99999136], [-0.9982941], [-0.9982455], [-0.99927855], [-0.9985527]
Wörter: 999, Vorhersage: variabel, Werte: [0.9999773]

Log: Component State Change: Component \999alt9\999 is in the unavailable state (HWID=9999)
[210   2 180   2 252  12   2 210   2  19  50 423  11  19  50   2 102   2
  75   2 258   2 256   2 180   2   4 294  15  49   5   0   0   0   0   0
   0   0   0   0   0   0   0   0   0   0   0   0   0   0   0   0   0   0
   0   0   0   0   0   0   0   0   0   0   0   0   0   0   0   0   0   0
   0   0   0   0   0   0   0   0   0   0   0   0   0   0   0   0   0   0
   0   0   0   0   0   0   0   0   0   0   0   0   0   0   0   0   0   0
   0   0   0   0]
Wörter: component state change: component , Vorhersage: statisch, Werte: [-0.99859905], [-0.9994825], [-0.9996878], [-0.9998989], [-0.99997395], [-0.9999939], [-0.9999951], [-0.99999475], [-0.9998462]
Wörter: \999alt9\999 , Vorhersage: variabel, Werte: [0.99999535], [1.], [1.], [1.], [1.], [1.], [1.]
Wörter: is in the unavailable state , Vorhersage: statisch, Werte: [-1.], [-1.], [-1.], [-1.], [-1.], [-1.], [-0.9999972], [-0.99999714], [-0.999709], [-0.9990224]
Wörter: (hwid=9999), Vorhersage: variabel, Werte: [0.9999412], [1.], [1.], [1.], [0.99999803]

Log: unix.hw state_change.unavailable 9999999999 9 Component State Change: Component \999alt9\999 is in the unavailable state (HWID=9999)
[346   9 352   2 180  21 252   9 256   2 186   2  11   2 210   2 180   2
 252  12   2 210   2  19  50 423  11  19  50   2 102   2  75   2 258   2
 256   2 180   2   4 294  15  49   5   0   0   0   0   0   0   0   0   0
   0   0   0   0   0   0   0   0   0   0   0   0   0   0   0   0   0   0
   0   0   0   0   0   0   0   0   0   0   0   0   0   0   0   0   0   0
   0   0   0   0   0   0   0   0   0   0   0   0   0   0   0   0   0   0
   0   0   0   0]
Wörter: unix.hw state_change.unavailable 9999999999 9 , Vorhersage: variabel, Werte: [0.9993013], [0.9987237], [0.99979323], [0.99999297], [0.9998905], [1.], [1.], [1.], [1.], [1.], [1.], [1.], [1.], [0.9999997]
Wörter: component state change: component , Vorhersage: statisch, Werte: [-0.99911374], [-0.9997801], [-0.99984956], [-0.9999298], [-0.99997014], [-0.9999917], [-0.9999931], [-0.99999344], [-0.9997973]
Wörter: \999alt9\999 , Vorhersage: variabel, Werte: [0.999996], [1.], [1.], [1.], [1.], [1.], [1.]
Wörter: is in the unavailable state , Vorhersage: statisch, Werte: [-1.], [-1.], [-1.], [-1.], [-1.], [-1.], [-0.99999726], [-0.9999972], [-0.9997077], [-0.99901754]
Wörter: (hwid=9999), Vorhersage: variabel, Werte: [0.9999414], [1.], [1.], [1.], [0.9999979]

Log: node-999 node status 9999999999 9 configured out
[ 73   8  50   2  73   2 355   2 186   2  11   2 952   2 168   0   0   0
   0   0   0   0   0   0   0   0   0   0   0   0   0   0   0   0   0   0
   0   0   0   0   0   0   0   0   0   0   0   0   0   0   0   0   0   0
   0   0   0   0   0   0   0   0   0   0   0   0   0   0   0   0   0   0
   0   0   0   0   0   0   0   0   0   0   0   0   0   0   0   0   0   0
   0   0   0   0   0   0   0   0   0   0   0   0   0   0   0   0   0   0
   0   0   0   0]
Wörter: node-999 node status 9999999999 9 , Vorhersage: variabel, Werte: [0.9998452], [0.99995697], [1.], [1.], [1.], [1.], [0.9999994], [1.], [1.], [1.], [1.], [1.]
Wörter: configured out, Vorhersage: statisch, Werte: [-0.97828925], [-0.99663466], [-0.9974842]

Log: My election bind port: 9.9.9.9/9.9.9.9:9999
[833   2 818   2  23  75  25   2  37 725  12   2  11   9  11   9  11   9
  11  10  11   9  11   9  11   9  11  12  49   0   0   0   0   0   0   0
   0   0   0   0   0   0   0   0   0   0   0   0   0   0   0   0   0   0
   0   0   0   0   0   0   0   0   0   0   0   0   0   0   0   0   0   0
   0   0   0   0   0   0   0   0   0   0   0   0   0   0   0   0   0   0
   0   0   0   0   0   0   0   0   0   0   0   0   0   0   0   0   0   0
   0   0   0   0]
Wörter: my election bind port:, Vorhersage: statisch, Werte: [-0.997406], [-0.99759847], [-0.99992186], [-0.99994314], [-0.99095225], [-0.99998593], [-0.9987083], [-0.9997438], [-0.98696107], [-0.9621181], [-0.9502902]
Wörter:  9.9.9.9/9.9.9.9:9999, Vorhersage: variabel, Werte: [0.11475442], [1.], [1.], [1.], [1.], [1.], [1.], [1.], [1.], [1.], [1.], [1.], [1.], [1.], [1.], [1.], [1.], [1.]

Log: Closed socket connection for client /99.99.99.99:99999 which had sessionid 9x99f9a99999b999e
[260   2 263   2 197   2 117   2 157   2  10  48   9  48   9  48   9  48
  12  54   2 274   2 227   2 170   2  11  45  48  27  11  22  54  23  50
  26   0   0   0   0   0   0   0   0   0   0   0   0   0   0   0   0   0
   0   0   0   0   0   0   0   0   0   0   0   0   0   0   0   0   0   0
   0   0   0   0   0   0   0   0   0   0   0   0   0   0   0   0   0   0
   0   0   0   0   0   0   0   0   0   0   0   0   0   0   0   0   0   0
   0   0   0   0]
Wörter: closed socket connection for client , Vorhersage: statisch, Werte: [-0.99973947], [-0.99992895], [-0.99999535], [-0.9999987], [-0.9999851], [-0.99999297], [-1.], [-1.], [-0.999999], [-0.9999912]
Wörter: /99.99.99.99:99999 , Vorhersage: variabel, Werte: [0.99996716], [1.], [1.], [1.], [1.], [1.], [1.], [1.], [1.], [1.], [1.]
Wörter: which had sessionid , Vorhersage: statisch, Werte: [-1.], [-1.], [-1.], [-1.], [-0.9999727], [-0.99977505]
Wörter: 9x99f9a99999b999e, Vorhersage: variabel, Werte: [1.], [1.], [1.], [1.], [1.], [1.], [1.], [1.], [1.], [1.]

Log: caught end of stream exception
[1788    2  772    2  130    2  786    2  338    0    0    0    0    0
    0    0    0    0    0    0    0    0    0    0    0    0    0    0
    0    0    0    0    0    0    0    0    0    0    0    0    0    0
    0    0    0    0    0    0    0    0    0    0    0    0    0    0
    0    0    0    0    0    0    0    0    0    0    0    0    0    0
    0    0    0    0    0    0    0    0    0    0    0    0    0    0
    0    0    0    0    0    0    0    0    0    0    0    0    0    0
    0    0    0    0    0    0    0    0    0    0    0    0    0    0]
Wörter: caught end of stream exception, Vorhersage: statisch, Werte: [-0.98872215], [-0.9919719], [-0.9997933], [-0.99990016], [-0.99968314], [-0.99982154], [-0.6350301], [-0.8353045], [-0.9856862]
Model: "sequential"
┏━━━━━━━━━━━━━━━━━━━━━━━━━━━━━━━━━━━━━━┳━━━━━━━━━━━━━━━━━━━━━━━━━━━━━┳━━━━━━━━━━━━━━━━━┓
┃ Layer (type)                         ┃ Output Shape                ┃         Param # ┃
┡━━━━━━━━━━━━━━━━━━━━━━━━━━━━━━━━━━━━━━╇━━━━━━━━━━━━━━━━━━━━━━━━━━━━━╇━━━━━━━━━━━━━━━━━┩
│ embedding (Embedding)                │ (None, 112, 64)             │         123,968 │
├──────────────────────────────────────┼─────────────────────────────┼─────────────────┤
│ bidirectional (Bidirectional)        │ (None, 112, 256)            │         148,992 │
├──────────────────────────────────────┼─────────────────────────────┼─────────────────┤
│ time_distributed (TimeDistributed)   │ (None, 112, 128)            │          32,896 │
├──────────────────────────────────────┼─────────────────────────────┼─────────────────┤
│ dropout (Dropout)                    │ (None, 112, 128)            │               0 │
├──────────────────────────────────────┼─────────────────────────────┼─────────────────┤
│ time_distributed_1 (TimeDistributed) │ (None, 112, 1)              │             129 │
└──────────────────────────────────────┴─────────────────────────────┴─────────────────┘
 Total params: 917,957 (3.50 MB)
 Trainable params: 305,985 (1.17 MB)
 Non-trainable params: 0 (0.00 B)
 Optimizer params: 611,972 (2.33 MB)

Training auf folgende Datei: Datensätze/Vorbereitete Daten - Beispiel/bgl_v1/unique_data/content_list_bgl_unique.txt
Total Trainings-Loss: [0.06367045640945435, 0.006903445348143578, 0.004130674991756678, 0.0027931786607950926, 0.0018533560214564204, 0.0014991998905315995, 0.0009538782178424299, 0.0007235420634970069, 0.0008557544788345695, 0.000352633825968951]
Total Trainings-Accuracy: [0.8607544302940369, 0.8919788599014282, 0.8926932215690613, 0.8930856585502625, 0.8935755491256714, 0.8938039541244507, 0.8940339088439941, 0.8940746188163757, 0.8941113352775574, 0.8942476511001587]
Total Validierungs-Loss: [0.011527728289365768, 0.005658339709043503, 0.003772544441744685, 0.002701250370591879, 0.00300775864161551, 0.00234314170666039, 0.0011428750585764647, 0.0012314011109992862, 0.0008961514686234295, 0.0009071954409591854]
Total Validierungs-Accuracy: [0.891075849533081, 0.892849862575531, 0.8932251930236816, 0.893828809261322, 0.8940864205360413, 0.8943808078765869, 0.8946752548217773, 0.894660472869873, 0.8947709798812866, 0.8948076963424683]
