Loss: 0.00154974649194628, Accuracy: 0.9997327327728271

Log: 9 ddr errors(s) detected and corrected on rank 9, symbol 9, bit 9
[  17    2  482    2  920    9   48   10    2  294    2  288    2  347
    2   87    2  593    2   17   13    2  580    2   17   13    2 1121
    2   17    0    0    0    0    0    0    0    0    0    0    0    0
    0    0    0    0    0    0    0    0    0    0    0    0    0    0
    0    0    0    0    0    0    0    0    0    0    0    0    0    0
    0    0    0    0    0    0    0    0    0    0    0    0    0    0
    0    0    0    0    0    0    0    0    0    0    0    0    0    0
    0    0    0    0    0    0    0    0    0    0    0    0    0    0
    0    0    0    0    0    0    0    0    0    0    0    0    0    0
    0    0    0    0    0    0    0    0    0    0    0    0    0    0
    0    0    0    0    0    0    0    0    0    0    0    0    0    0
    0    0    0    0    0    0    0    0    0    0    0    0    0    0
    0    0    0    0    0]
Wörter: 9 , Vorhersage: variabel, Werte: [0.9990615], [0.9986313]
Wörter: ddr errors(s) detected and corrected on rank , Vorhersage: statisch, Werte: [1.9697822e-08], [2.9755263e-09], [4.0205026e-07], [9.74795e-07], [1.6028853e-08], [8.020849e-08], [3.2907443e-09], [4.2271257e-08], [1.525931e-09], [1.3192899e-08], [4.7948145e-08], [0.00018228], [0.0003155], [0.00020302], [0.00031004], [0.00017782], [0.00015312]
Wörter: 9, , Vorhersage: variabel, Werte: [0.999691], [0.99945563], [0.99899]
Wörter: symbol , Vorhersage: statisch, Werte: [1.2589849e-05], [1.0866528e-05]
Wörter: 9, , Vorhersage: variabel, Werte: [0.9999969], [0.99999726], [0.9999659]
Wörter: bit , Vorhersage: statisch, Werte: [0.12419123], [0.2893688]
Wörter: 9, Vorhersage: variabel, Werte: [0.9988381]

Log: instruction cache parity error corrected
[ 513    2 1437    2  958    2  230    2  347    0    0    0    0    0
    0    0    0    0    0    0    0    0    0    0    0    0    0    0
    0    0    0    0    0    0    0    0    0    0    0    0    0    0
    0    0    0    0    0    0    0    0    0    0    0    0    0    0
    0    0    0    0    0    0    0    0    0    0    0    0    0    0
    0    0    0    0    0    0    0    0    0    0    0    0    0    0
    0    0    0    0    0    0    0    0    0    0    0    0    0    0
    0    0    0    0    0    0    0    0    0    0    0    0    0    0
    0    0    0    0    0    0    0    0    0    0    0    0    0    0
    0    0    0    0    0    0    0    0    0    0    0    0    0    0
    0    0    0    0    0    0    0    0    0    0    0    0    0    0
    0    0    0    0    0    0    0    0    0    0    0    0    0    0
    0    0    0    0    0]
Wörter: instruction cache parity error corrected, Vorhersage: statisch, Werte: [0.00117853], [0.00077587], [6.856782e-07], [1.349948e-07], [6.0741357e-05], [2.1572452e-05], [2.671728e-05], [2.368779e-06], [7.4057025e-05]

Log: total of 99 ddr error(s) detected and corrected
[745   2 133   2  57   2 482   2 230   9  48  10   2 294   2 288   2 347
   0   0   0   0   0   0   0   0   0   0   0   0   0   0   0   0   0   0
   0   0   0   0   0   0   0   0   0   0   0   0   0   0   0   0   0   0
   0   0   0   0   0   0   0   0   0   0   0   0   0   0   0   0   0   0
   0   0   0   0   0   0   0   0   0   0   0   0   0   0   0   0   0   0
   0   0   0   0   0   0   0   0   0   0   0   0   0   0   0   0   0   0
   0   0   0   0   0   0   0   0   0   0   0   0   0   0   0   0   0   0
   0   0   0   0   0   0   0   0   0   0   0   0   0   0   0   0   0   0
   0   0   0   0   0   0   0   0   0   0   0   0   0   0   0   0   0   0
   0   0   0   0   0   0   0   0   0   0   0]
Wörter: total of , Vorhersage: statisch, Werte: [9.020388e-05], [3.2304524e-05], [0.00030582], [0.00039238]
Wörter: 99 , Vorhersage: variabel, Werte: [0.99999535], [0.9999943]
Wörter: ddr error(s) detected and corrected, Vorhersage: statisch, Werte: [2.5403344e-07], [5.6878513e-08], [0.00012474], [0.00033115], [1.1124334e-05], [9.189245e-05], [3.8092949e-06], [8.726416e-06], [3.5776043e-07], [1.2269871e-06], [2.0137095e-06], [0.001294]

Log: 99.999.9.9:99999 Served block blk_-99999999999999999 to /99.999.9.9
[ 57  15  61  15  17  15  17  18  67   2 247   2 132   2 142  28  14 304
   2  92   2  16  57  15  61  15  17  15  17   0   0   0   0   0   0   0
   0   0   0   0   0   0   0   0   0   0   0   0   0   0   0   0   0   0
   0   0   0   0   0   0   0   0   0   0   0   0   0   0   0   0   0   0
   0   0   0   0   0   0   0   0   0   0   0   0   0   0   0   0   0   0
   0   0   0   0   0   0   0   0   0   0   0   0   0   0   0   0   0   0
   0   0   0   0   0   0   0   0   0   0   0   0   0   0   0   0   0   0
   0   0   0   0   0   0   0   0   0   0   0   0   0   0   0   0   0   0
   0   0   0   0   0   0   0   0   0   0   0   0   0   0   0   0   0   0
   0   0   0   0   0   0   0   0   0   0   0]
Wörter: 99.999.9.9:99999 , Vorhersage: variabel, Werte: [1.], [1.], [1.], [1.], [1.], [1.], [1.], [1.], [0.9999999], [0.9999999]
Wörter: served block , Vorhersage: statisch, Werte: [5.171917e-07], [1.5972962e-07], [1.17164785e-11], [1.1062844e-12]
Wörter: blk_-99999999999999999 , Vorhersage: variabel, Werte: [0.9999541], [0.99999976], [0.9999999], [0.99999976], [0.9999999]
Wörter: to , Vorhersage: statisch, Werte: [1.3780169e-07], [3.5888505e-07]
Wörter: /99.999.9.9, Vorhersage: variabel, Werte: [0.9999869], [0.99999976], [0.9999999], [0.99999964], [1.], [0.9999994], [0.99999917], [0.99968195]

Log: BLOCK* NameSystem.allocateBlock: /mnt/hadoop/mapred/system/job_999999999999_9999/job.jar. blk_9999999999999999999
[ 132   11    2  270   15  510   18    2   16  702   16  714   16 1181
   16  208   16  599   28  500   28   58   16  599   15 1843   15    2
  142   28  200    0    0    0    0    0    0    0    0    0    0    0
    0    0    0    0    0    0    0    0    0    0    0    0    0    0
    0    0    0    0    0    0    0    0    0    0    0    0    0    0
    0    0    0    0    0    0    0    0    0    0    0    0    0    0
    0    0    0    0    0    0    0    0    0    0    0    0    0    0
    0    0    0    0    0    0    0    0    0    0    0    0    0    0
    0    0    0    0    0    0    0    0    0    0    0    0    0    0
    0    0    0    0    0    0    0    0    0    0    0    0    0    0
    0    0    0    0    0    0    0    0    0    0    0    0    0    0
    0    0    0    0    0    0    0    0    0    0    0    0    0    0
    0    0    0    0    0]
Wörter: block* namesystem.allocateblock: , Vorhersage: statisch, Werte: [5.4422503e-07], [8.071955e-08], [1.976071e-07], [7.480488e-07], [1.1595785e-06], [3.6781643e-07], [3.685738e-07], [1.1373845e-06]
Wörter: /mnt/hadoop/mapred/system/job_999999999999_9999/job.jar. blk_9999999999999999999, Vorhersage: variabel, Werte: [0.99999917], [1.], [0.9999999], [1.], [1.], [1.], [0.9999999], [1.], [0.9999999], [0.99999976], [0.99999404], [0.9999968], [0.9999968], [0.9999999], [1.], [0.9999938], [0.9999044], [0.9987447], [0.99548423], [0.9992754], [0.9999995], [1.], [0.99999857]

Log: 99.999.99.999:99999 Starting thread to transfer block blk_-9999999999999999999 to 99.999.999.999:99999, 99.999.99.999:99999
[ 57  15  61  15  57  15  61  18  67   2 311   2 316   2  92   2 317   2
 132   2 142  28  14 200   2  92   2  57  15  61  15  61  15  61  18  67
  13   2  57  15  61  15  57  15  61  18  67   0   0   0   0   0   0   0
   0   0   0   0   0   0   0   0   0   0   0   0   0   0   0   0   0   0
   0   0   0   0   0   0   0   0   0   0   0   0   0   0   0   0   0   0
   0   0   0   0   0   0   0   0   0   0   0   0   0   0   0   0   0   0
   0   0   0   0   0   0   0   0   0   0   0   0   0   0   0   0   0   0
   0   0   0   0   0   0   0   0   0   0   0   0   0   0   0   0   0   0
   0   0   0   0   0   0   0   0   0   0   0   0   0   0   0   0   0   0
   0   0   0   0   0   0   0   0   0   0   0]
Wörter: 99.999.99.999:99999 , Vorhersage: variabel, Werte: [1.], [1.], [1.], [1.], [1.], [1.], [1.], [1.], [0.9999995], [0.9999989]
Wörter: starting thread to transfer block , Vorhersage: statisch, Werte: [4.409145e-11], [1.0366751e-11], [8.825112e-14], [1.3948049e-14], [1.0230556e-13], [8.690612e-14], [2.4584814e-15], [5.2943553e-15], [2.6297805e-14], [1.6863388e-12]
Wörter: blk_-9999999999999999999 , Vorhersage: variabel, Werte: [1.], [1.], [0.9999999], [0.9999999], [0.9999999]
Wörter: to , Vorhersage: statisch, Werte: [1.9616762e-08], [7.873022e-08]
Wörter: 99.999.999.999:99999, 99.999.99.999:99999, Vorhersage: variabel, Werte: [1.], [1.], [1.], [1.], [1.], [1.], [1.], [1.], [0.99999976], [0.99999976], [0.9999989], [1.], [1.], [1.], [1.], [1.], [1.], [1.], [1.], [0.99999356]

Log: rs.sinajs.cn:99 open through proxy proxy.cse.cuhk.edu.hk:9999 HTTPS
[2635   15   48   65   30   39   48   15 2520   18   57    2 1532    2
  127 2637  761    2 1422    2 1422   15   32   66   15 2033   37   40
   15   85   50   15   37   40   18   58    2   37   49   49   45   48
    0    0    0    0    0    0    0    0    0    0    0    0    0    0
    0    0    0    0    0    0    0    0    0    0    0    0    0    0
    0    0    0    0    0    0    0    0    0    0    0    0    0    0
    0    0    0    0    0    0    0    0    0    0    0    0    0    0
    0    0    0    0    0    0    0    0    0    0    0    0    0    0
    0    0    0    0    0    0    0    0    0    0    0    0    0    0
    0    0    0    0    0    0    0    0    0    0    0    0    0    0
    0    0    0    0    0    0    0    0    0    0    0    0    0    0
    0    0    0    0    0    0    0    0    0    0    0    0    0    0
    0    0    0    0    0]
Wörter: rs.sinajs.cn:, Vorhersage: statisch, Werte: [0.00059027], [0.00067458], [2.888506e-07], [1.32507e-08], [1.3317812e-09], [1.0950648e-05], [1.0374138e-09], [6.206425e-10], [2.0007156e-10], [2.0562885e-09]
Wörter: 99 , Vorhersage: variabel, Werte: [0.9999809], [0.9999876]
Wörter: open through proxy , Vorhersage: statisch, Werte: [4.2041117e-09], [9.450865e-09], [0.22442347], [0.00420887], [0.00015677], [4.7578676e-05], [0.00038604], [7.8202334e-05]
Wörter: proxy.cse.cuhk.edu.hk:9999 http, Vorhersage: variabel, Werte: [0.81122434], [0.9476927], [0.9999373], [0.99992216], [0.9996345], [0.9992311], [0.9996025], [0.9999465], [0.9999939], [0.99999726], [1.], [1.], [0.9999956], [0.9999975], [0.99999785], [0.9999957], [0.9999999], [0.9963644], [0.9998254], [0.9999943], [0.99968207]
Wörter: s, Vorhersage: statisch, Werte: [2.75973e-06]

Log: pic9.zhimg.com:999 close, 9999 bytes (9.99 KB) sent, 9999 bytes (9.99 KB) received, lifetime 99:99
[  45  772   17   15   55  359   42   36   15  282   18   61    2 1246
   13    2   58    2 3111   48    2    9   17   15   57    2 1567   10
    2 1492   13    2   58    2 3111   48    2    9   17   15   57    2
 1567   10    2  287   13    2  191  252  265    2   57   18   57    0
    0    0    0    0    0    0    0    0    0    0    0    0    0    0
    0    0    0    0    0    0    0    0    0    0    0    0    0    0
    0    0    0    0    0    0    0    0    0    0    0    0    0    0
    0    0    0    0    0    0    0    0    0    0    0    0    0    0
    0    0    0    0    0    0    0    0    0    0    0    0    0    0
    0    0    0    0    0    0    0    0    0    0    0    0    0    0
    0    0    0    0    0    0    0    0    0    0    0    0    0    0
    0    0    0    0    0    0    0    0    0    0    0    0    0    0
    0    0    0    0    0]
Wörter: pic, Vorhersage: statisch, Werte: [0.00135417], [0.00152089]
Wörter: 9.zhimg.com:999 , Vorhersage: variabel, Werte: [0.910182], [0.909023], [0.9858349], [0.99068576], [0.588024], [0.9814457], [0.99684817], [0.9923504], [0.99385685], [0.9998796], [0.99991727]
Wörter: close, , Vorhersage: statisch, Werte: [4.161974e-06], [1.4166038e-05], [1.7118671e-05]
Wörter: 9999 , Vorhersage: variabel, Werte: [0.9989538], [0.9994454]
Wörter: bytes (9., Vorhersage: statisch, Werte: [7.455264e-12], [5.991972e-15], [4.7555638e-14], [1.05031e-08], [3.581565e-06], [0.00065604]
Wörter: 99 , Vorhersage: variabel, Werte: [0.9999579], [0.9999392]
Wörter: kb) sent, , Vorhersage: statisch, Werte: [1.7934136e-09], [1.1631949e-08], [6.451962e-07], [3.3450438e-06], [1.6268907e-06], [4.350704e-07]
Wörter: 9999 , Vorhersage: variabel, Werte: [0.9961467], [0.9984616]
Wörter: bytes (9., Vorhersage: statisch, Werte: [3.9445357e-12], [4.0378556e-15], [4.8961723e-14], [1.0377667e-08], [3.5090202e-06], [0.00099332]
Wörter: 99 , Vorhersage: variabel, Werte: [0.9998884], [0.99994266]
Wörter: kb) received, lifetime , Vorhersage: statisch, Werte: [5.883126e-09], [5.393228e-08], [4.882577e-06], [4.5263327e-08], [1.4014253e-08], [1.4692128e-09], [0.00144353], [0.02711331], [0.00942946], [0.07983395]
Wörter: 99:99, Vorhersage: variabel, Werte: [1.], [1.], [0.9999999]

Log: ping9.teamviewer.com:999 (IPv9) error : Could not connect through proxy proxy.cse.cuhk.edu.hk:9999 - Proxy server cannot establish a connection with the target, status code 999
[2629   17   15   49  186   42  566   34  896   15  282   18   61    2
    9   86   51   17   10    2  230    2   18    2 1386    2  111    2
  323    2  127 2637  761    2 1422    2 1422   15   32   66   15 2033
   37   40   15   85   50   15   37   40   18   58    2   14    2 1422
    2  550    2 1658    2  398  145    2   30    2  342    2  374    2
  137    2 1369   13    2  484    2  525    2   61    0    0    0    0
    0    0    0    0    0    0    0    0    0    0    0    0    0    0
    0    0    0    0    0    0    0    0    0    0    0    0    0    0
    0    0    0    0    0    0    0    0    0    0    0    0    0    0
    0    0    0    0    0    0    0    0    0    0    0    0    0    0
    0    0    0    0    0    0    0    0    0    0    0    0    0    0
    0    0    0    0    0    0    0    0    0    0    0    0    0    0
    0    0    0    0    0]
Wörter: ping9.teamviewer.com:999 (ipv9) , Vorhersage: variabel, Werte: [0.92716765], [0.99989414], [0.9999118], [0.9999671], [0.9999924], [0.9997092], [0.9988091], [0.99995685], [0.9997664], [0.99974686], [0.998885], [0.99932146], [0.99998903], [0.99999654], [0.99642146], [0.9987482], [0.9998149], [0.9999933], [0.9996246], [0.99985135]
Wörter: error : could not connect through proxy , Vorhersage: statisch, Werte: [7.068126e-06], [2.8419965e-06], [0.00106161], [0.00037772], [0.00111205], [0.00017893], [0.00049502], [0.00053548], [0.005983], [0.00506674], [0.08110271], [0.02903126], [0.00634905], [0.00803414], [0.00555946], [0.00506339]
Wörter: proxy.cse.cuhk.edu.hk:9999 , Vorhersage: variabel, Werte: [0.833965], [0.97442764], [0.9999318], [0.99971956], [0.99925333], [0.99835736], [0.99926835], [0.99990654], [0.9999896], [0.99999666], [1.], [1.], [0.99999547], [0.99999833], [0.9999993], [0.9999999], [0.9999999]
Wörter: - proxy server cannot establish a connection with the target, status code , Vorhersage: statisch, Werte: [0.00105403], [0.00014412], [0.00300674], [0.00168879], [9.1734946e-05], [7.840035e-05], [1.0388351e-06], [1.0796335e-06], [1.6929469e-05], [2.719363e-06], [1.977567e-06], [0.0003959], [0.00040036], [0.00278037], [0.00231973], [3.454091e-05], [5.613928e-05], [1.4152613e-06], [5.8805307e-07], [0.00038934], [0.00076182], [0.00058784], [0.00239184], [0.0008447], [0.00200249], [0.00259652]
Wörter: 999, Vorhersage: variabel, Werte: [0.99983466]

Log: Component State Change: Component \999alt9\999 is in the unavailable state (HWID=9999)
[328   2 271   2 409  18   2 328   2  26  61 597  17  26  61   2 198   2
  65   2 137   2 406   2 271   2   9 441  21  58  10   0   0   0   0   0
   0   0   0   0   0   0   0   0   0   0   0   0   0   0   0   0   0   0
   0   0   0   0   0   0   0   0   0   0   0   0   0   0   0   0   0   0
   0   0   0   0   0   0   0   0   0   0   0   0   0   0   0   0   0   0
   0   0   0   0   0   0   0   0   0   0   0   0   0   0   0   0   0   0
   0   0   0   0   0   0   0   0   0   0   0   0   0   0   0   0   0   0
   0   0   0   0   0   0   0   0   0   0   0   0   0   0   0   0   0   0
   0   0   0   0   0   0   0   0   0   0   0   0   0   0   0   0   0   0
   0   0   0   0   0   0   0   0   0   0   0]
Wörter: component state change: component , Vorhersage: statisch, Werte: [4.871906e-07], [3.7112997e-07], [2.0403408e-09], [1.024872e-09], [2.0859678e-08], [2.7430347e-09], [1.2788752e-08], [4.1352102e-08], [5.0378404e-08]
Wörter: \999alt9\999 , Vorhersage: variabel, Werte: [0.99999774], [1.], [0.9999541], [0.99997246], [0.99999857], [1.], [0.99999917]
Wörter: is in the unavailable state , Vorhersage: statisch, Werte: [4.1455023e-11], [5.33587e-11], [2.9590777e-10], [1.1963733e-11], [4.1953017e-12], [6.125772e-13], [3.8461796e-11], [6.071951e-12], [8.857289e-10], [6.320612e-09]
Wörter: (hwid=9999), Vorhersage: variabel, Werte: [0.9999956], [1.], [1.], [1.], [0.9999776]

Log: unix.hw state_change.unavailable 9999999999 9 Component State Change: Component \999alt9\999 is in the unavailable state (HWID=9999)
[515  15 514   2 271  28 409  15 406   2 289   2  17   2 328   2 271   2
 409  18   2 328   2  26  61 597  17  26  61   2 198   2  65   2 137   2
 406   2 271   2   9 441  21  58  10   0   0   0   0   0   0   0   0   0
   0   0   0   0   0   0   0   0   0   0   0   0   0   0   0   0   0   0
   0   0   0   0   0   0   0   0   0   0   0   0   0   0   0   0   0   0
   0   0   0   0   0   0   0   0   0   0   0   0   0   0   0   0   0   0
   0   0   0   0   0   0   0   0   0   0   0   0   0   0   0   0   0   0
   0   0   0   0   0   0   0   0   0   0   0   0   0   0   0   0   0   0
   0   0   0   0   0   0   0   0   0   0   0   0   0   0   0   0   0   0
   0   0   0   0   0   0   0   0   0   0   0]
Wörter: unix.hw state_change.unavailable 9999999999 9 , Vorhersage: variabel, Werte: [0.99996495], [0.9999889], [0.99991], [0.9999722], [0.99926454], [0.99992394], [0.9995222], [0.99987864], [0.99995995], [0.99990726], [0.99994636], [0.9999627], [0.99997246], [0.99998546]
Wörter: component state change: component , Vorhersage: statisch, Werte: [5.0652754e-10], [2.761854e-10], [2.4891415e-11], [7.929595e-12], [4.6358778e-10], [1.177635e-10], [4.6719544e-09], [1.6013823e-07], [3.1084394e-07]
Wörter: \999alt9\999 , Vorhersage: variabel, Werte: [0.9999989], [1.], [0.99994254], [0.99997354], [0.99999774], [0.9999999], [0.9999989]
Wörter: is in the unavailable state , Vorhersage: statisch, Werte: [4.272284e-11], [5.341603e-11], [2.8740876e-10], [1.1653939e-11], [4.214446e-12], [6.1447294e-13], [3.889877e-11], [6.1643485e-12], [9.072367e-10], [6.4641106e-09]
Wörter: (hwid=9999), Vorhersage: variabel, Werte: [0.9999956], [1.], [1.], [1.], [0.99997795]

Log: node-999 node status 9999999999 9 configured out
[  72   14   61    2   72    2  484    2  289    2   17    2 1456    2
  264    0    0    0    0    0    0    0    0    0    0    0    0    0
    0    0    0    0    0    0    0    0    0    0    0    0    0    0
    0    0    0    0    0    0    0    0    0    0    0    0    0    0
    0    0    0    0    0    0    0    0    0    0    0    0    0    0
    0    0    0    0    0    0    0    0    0    0    0    0    0    0
    0    0    0    0    0    0    0    0    0    0    0    0    0    0
    0    0    0    0    0    0    0    0    0    0    0    0    0    0
    0    0    0    0    0    0    0    0    0    0    0    0    0    0
    0    0    0    0    0    0    0    0    0    0    0    0    0    0
    0    0    0    0    0    0    0    0    0    0    0    0    0    0
    0    0    0    0    0    0    0    0    0    0    0    0    0    0
    0    0    0    0    0]
Wörter: node-999 node status 9999999999 9 , Vorhersage: variabel, Werte: [0.99973446], [0.99979], [0.99996483], [0.99998677], [0.99713874], [0.9986268], [0.9999846], [0.9999298], [0.999931], [0.99996495], [0.99998987], [0.99999714]
Wörter: configured out, Vorhersage: statisch, Werte: [9.818681e-07], [2.2623699e-07], [5.0261116e-07]

Log: My election bind port: 9.9.9.9/9.9.9.9:9999
[1128    2 1294    2 3325    2  976   18    2   17   15   17   15   17
   15   17   16   17   15   17   15   17   15   17   18   58    0    0
    0    0    0    0    0    0    0    0    0    0    0    0    0    0
    0    0    0    0    0    0    0    0    0    0    0    0    0    0
    0    0    0    0    0    0    0    0    0    0    0    0    0    0
    0    0    0    0    0    0    0    0    0    0    0    0    0    0
    0    0    0    0    0    0    0    0    0    0    0    0    0    0
    0    0    0    0    0    0    0    0    0    0    0    0    0    0
    0    0    0    0    0    0    0    0    0    0    0    0    0    0
    0    0    0    0    0    0    0    0    0    0    0    0    0    0
    0    0    0    0    0    0    0    0    0    0    0    0    0    0
    0    0    0    0    0    0    0    0    0    0    0    0    0    0
    0    0    0    0    0]
Wörter: my election bind port: , Vorhersage: statisch, Werte: [0.001634], [0.00159614], [3.2796584e-07], [1.5797384e-07], [6.513812e-07], [4.9420866e-08], [2.3600789e-07], [4.2247077e-08], [2.1434504e-07]
Wörter: 9.9.9.9/9.9.9.9:9999, Vorhersage: variabel, Werte: [1.], [1.], [1.], [1.], [1.], [1.], [1.], [1.], [1.], [1.], [1.], [1.], [1.], [0.9999999], [0.9999999], [0.9999995], [0.99992275]

Log: Closed socket connection for client /99.99.99.99:99999 which had sessionid 9x99f9a99999b999e
[411   2 388   2 342   2 129   2 268   2  16  57  15  57  15  57  15  57
  18  67   2 410   2 414   2 279   2  17  53  57  35  17  30  67  31  61
  34   0   0   0   0   0   0   0   0   0   0   0   0   0   0   0   0   0
   0   0   0   0   0   0   0   0   0   0   0   0   0   0   0   0   0   0
   0   0   0   0   0   0   0   0   0   0   0   0   0   0   0   0   0   0
   0   0   0   0   0   0   0   0   0   0   0   0   0   0   0   0   0   0
   0   0   0   0   0   0   0   0   0   0   0   0   0   0   0   0   0   0
   0   0   0   0   0   0   0   0   0   0   0   0   0   0   0   0   0   0
   0   0   0   0   0   0   0   0   0   0   0   0   0   0   0   0   0   0
   0   0   0   0   0   0   0   0   0   0   0]
Wörter: closed socket connection for client , Vorhersage: statisch, Werte: [2.1764876e-05], [1.11809695e-05], [2.2498608e-07], [5.9306494e-08], [5.3271405e-09], [3.9854606e-10], [3.2969228e-11], [2.991069e-11], [7.83e-11], [9.524512e-10]
Wörter: /99.99.99.99:99999 , Vorhersage: variabel, Werte: [0.99999917], [1.], [1.], [1.], [1.], [1.], [1.], [1.], [1.], [0.99999964], [0.99999964]
Wörter: which had sessionid , Vorhersage: statisch, Werte: [9.2937325e-10], [4.6137807e-10], [1.6237983e-11], [4.4977588e-13], [1.0213369e-11], [9.733424e-12]
Wörter: 9x99f9a99999b999e, Vorhersage: variabel, Werte: [0.99999976], [1.], [1.], [1.], [1.], [1.], [1.], [1.], [1.], [1.]

Log: caught end of stream exception
[1114    2  784    2  133    2  946    2  446    0    0    0    0    0
    0    0    0    0    0    0    0    0    0    0    0    0    0    0
    0    0    0    0    0    0    0    0    0    0    0    0    0    0
    0    0    0    0    0    0    0    0    0    0    0    0    0    0
    0    0    0    0    0    0    0    0    0    0    0    0    0    0
    0    0    0    0    0    0    0    0    0    0    0    0    0    0
    0    0    0    0    0    0    0    0    0    0    0    0    0    0
    0    0    0    0    0    0    0    0    0    0    0    0    0    0
    0    0    0    0    0    0    0    0    0    0    0    0    0    0
    0    0    0    0    0    0    0    0    0    0    0    0    0    0
    0    0    0    0    0    0    0    0    0    0    0    0    0    0
    0    0    0    0    0    0    0    0    0    0    0    0    0    0
    0    0    0    0    0]
Wörter: caught end of stream exception, Vorhersage: statisch, Werte: [5.5614266e-05], [2.7185693e-05], [1.8322365e-06], [1.2608858e-07], [5.759536e-07], [1.7303346e-08], [2.5161127e-05], [3.0387503e-07], [9.5353054e-05]
Model: "sequential"
┏━━━━━━━━━━━━━━━━━━━━━━━━━━━━━━━━━━━━━━┳━━━━━━━━━━━━━━━━━━━━━━━━━━━━━┳━━━━━━━━━━━━━━━━━┓
┃ Layer (type)                         ┃ Output Shape                ┃         Param # ┃
┡━━━━━━━━━━━━━━━━━━━━━━━━━━━━━━━━━━━━━━╇━━━━━━━━━━━━━━━━━━━━━━━━━━━━━╇━━━━━━━━━━━━━━━━━┩
│ embedding (Embedding)                │ (None, 173, 64)             │         230,784 │
├──────────────────────────────────────┼─────────────────────────────┼─────────────────┤
│ bidirectional (Bidirectional)        │ (None, 173, 256)            │         148,992 │
├──────────────────────────────────────┼─────────────────────────────┼─────────────────┤
│ time_distributed (TimeDistributed)   │ (None, 173, 128)            │          32,896 │
├──────────────────────────────────────┼─────────────────────────────┼─────────────────┤
│ dropout (Dropout)                    │ (None, 173, 128)            │               0 │
├──────────────────────────────────────┼─────────────────────────────┼─────────────────┤
│ time_distributed_1 (TimeDistributed) │ (None, 173, 1)              │             129 │
└──────────────────────────────────────┴─────────────────────────────┴─────────────────┘
 Total params: 1,238,405 (4.72 MB)
 Trainable params: 412,801 (1.57 MB)
 Non-trainable params: 0 (0.00 B)
 Optimizer params: 825,604 (3.15 MB)

Training auf folgende Datei: Datensätze/Vorbereitete Daten - Beispiel/bgl_v1/2k/BGL_2k_evaluate_content.txt
Total Trainings-Loss: [0.019774824380874634, 0.0019166547572240233, 0.0011447581928223372, 0.0008200008305720985, 0.0005207781796343625, 0.0004237568937242031, 0.00033339750370942056, 0.0002259398315800354, 0.00021513910905923694, 0.00015628375695087016]
Total Trainings-Accuracy: [0.9943348169326782, 0.9993396401405334, 0.999614953994751, 0.9997261762619019, 0.9998235106468201, 0.999862790107727, 0.9998999238014221, 0.9999304413795471, 0.9999263286590576, 0.999950647354126]
Total Validierungs-Loss: [0.003812622046098113, 0.00247296504676342, 0.0018808351596817374, 0.0017269545933231711, 0.0014499007957056165, 0.0017085281433537602, 0.001544553553685546, 0.001509875524789095, 0.0013928184052929282, 0.0015497124986723065]
Total Validierungs-Accuracy: [0.9987635612487793, 0.9992491602897644, 0.9995006918907166, 0.999599039554596, 0.9996703863143921, 0.9996016025543213, 0.9996999502182007, 0.9997203946113586, 0.9997497797012329, 0.9997328519821167]
